4.000000 0.796406 1
4.010000 1.114818 1
4.020000 1.088892 1
4.030000 0.883235 1
4.040000 0.984153 1
4.050000 0.924985 1
4.060000 0.960072 1
4.070000 0.967381 1
4.080000 0.854018 1
4.090000 1.038440 1
4.100000 0.885329 1
4.110000 0.982708 1
4.120000 0.733953 1
4.130000 0.893220 1
4.140000 0.866899 1
4.150000 0.883536 1
4.160000 0.970294 1
4.170000 0.681945 1
4.180000 0.857510 1
4.190000 0.949386 1
4.200000 0.900948 1
4.210000 0.945313 1
4.220000 0.794671 1
4.230000 0.856740 1
4.240000 1.067590 1
4.250000 0.869441 1
4.260000 0.898592 1
4.270000 0.879719 1
4.280000 0.773879 1
4.290000 0.858045 1
4.300000 1.046842 1
4.310000 0.896483 1
4.320000 1.034934 1
4.330000 0.837346 1
4.340000 1.017014 1
4.350000 1.009433 1
4.360000 0.919329 1
4.370000 0.874151 1
4.380000 1.009278 1
4.390000 1.103296 1
4.400000 1.013832 1
4.410000 1.008150 1
4.420000 1.152958 1
4.430000 0.871991 1
4.440000 1.024562 1
4.450000 1.027391 1
4.460000 0.994011 1
4.470000 1.173075 1
4.480000 0.882032 1
4.490000 0.900548 1
4.500000 0.893188 1
4.510000 0.937432 1
4.520000 1.039602 1
4.530000 0.990832 1
4.540000 0.911229 1
4.550000 1.070592 1
4.560000 1.016443 1
4.570000 1.063660 1
4.580000 0.841679 1
4.590000 1.051131 1
4.600000 0.916653 1
4.610000 0.851446 1
4.620000 1.121874 1
4.630000 0.913805 1
4.640000 1.036162 1
4.650000 0.955882 1
4.660000 1.047780 1
4.670000 1.000670 1
4.680000 0.892054 1
4.690000 1.149988 1
4.700000 0.937682 1
4.710000 1.018882 1
4.720000 1.048848 1
4.730000 0.988616 1
4.740000 1.039968 1
4.750000 1.123608 1
4.760000 0.900970 1
4.770000 0.861395 1
4.780000 0.898390 1
4.790000 0.877164 1
4.800000 0.980059 1
4.810000 1.200269 1
4.820000 0.918479 1
4.830000 1.004699 1
4.840000 1.081170 1
4.850000 0.888653 1
4.860000 0.929745 1
4.870000 0.813955 1
4.880000 0.989163 1
4.890000 1.044338 1
4.900000 0.954958 1
4.910000 1.119062 1
4.920000 1.003402 1
4.930000 0.883018 1
4.940000 0.960037 1
4.950000 0.740134 1
4.960000 0.974087 1
4.970000 1.052996 1
4.980000 1.075945 1
4.990000 0.790531 1
5.000000 1.111816 1
5.010000 1.059981 1
5.020000 1.186512 1
5.030000 1.054126 1
5.040000 1.118184 1
5.050000 1.074280 1
5.060000 0.786345 1
5.070000 0.985162 1
5.080000 0.956992 1
5.090000 1.077538 1
5.100000 0.949805 1
5.110000 0.954843 1
5.120000 1.140708 1
5.130000 1.022387 1
5.140000 1.107735 1
5.150000 1.060607 1
5.160000 1.213761 1
5.170000 1.069217 1
5.180000 1.099025 1
5.190000 1.133748 1
5.200000 1.136655 1
5.210000 1.024656 1
5.220000 1.184799 1
5.230000 0.932424 1
5.240000 1.002068 1
5.250000 1.093481 1
5.260000 0.991477 1
5.270000 1.066226 1
5.280000 0.992020 1
5.290000 1.214444 1
5.300000 1.039478 1
5.310000 1.042057 1
5.320000 1.030104 1
5.330000 1.090047 1
5.340000 1.146620 1
5.350000 1.212626 1
5.360000 1.201106 1
5.370000 1.081566 1
5.380000 1.207674 1
5.390000 1.000862 1
5.400000 0.982524 1
5.410000 1.006592 1
5.420000 0.850308 1
5.430000 0.942883 1
5.440000 1.138290 1
5.450000 1.091228 1
5.460000 0.994342 1
5.470000 1.088092 1
5.480000 1.023902 1
5.490000 0.963881 1
5.500000 1.217023 1
5.510000 1.131529 1
5.520000 1.141651 1
5.530000 1.148458 1
5.540000 1.197000 1
5.550000 0.945255 1
5.560000 1.114941 1
5.570000 1.237721 1
5.580000 0.989632 1
5.590000 0.985459 1
5.600000 1.024156 1
5.610000 1.037386 1
5.620000 1.079944 1
5.630000 1.175259 1
5.640000 1.123535 1
5.650000 1.069336 1
5.660000 1.075241 1
5.670000 1.154957 1
5.680000 1.179568 1
5.690000 1.109189 1
5.700000 1.102182 1
5.710000 0.978017 1
5.720000 1.164028 1
5.730000 1.159743 1
5.740000 1.189534 1
5.750000 1.053409 1
5.760000 1.158950 1
5.770000 1.144481 1
5.780000 0.753729 1
5.790000 1.047388 1
5.800000 0.844336 1
5.810000 1.091181 1
5.820000 1.166387 1
5.830000 1.129854 1
5.840000 1.163298 1
5.850000 1.277284 1
5.860000 1.060331 1
5.870000 1.084052 1
5.880000 1.096094 1
5.890000 1.106109 1
5.900000 1.085458 1
5.910000 1.211099 1
5.920000 1.309225 1
5.930000 1.079824 1
5.940000 1.160784 1
5.950000 1.182795 1
5.960000 0.959753 1
5.970000 1.135452 1
5.980000 1.046909 1
5.990000 1.221955 1
6.000000 1.082385 1
6.010000 0.951477 1
6.020000 1.323558 1
6.030000 1.213854 1
6.040000 1.014761 1
6.050000 1.203264 1
6.060000 1.280161 1
6.070000 1.227087 1
6.080000 1.315367 1
6.090000 1.179036 1
6.100000 1.002614 1
6.110000 0.946588 1
6.120000 1.343152 1
6.130000 1.074620 1
6.140000 1.102914 1
6.150000 1.198416 1
6.160000 1.224875 1
6.170000 1.055307 1
6.180000 0.947793 1
6.190000 1.126675 1
6.200000 1.209034 1
6.210000 1.107047 1
6.220000 1.233437 1
6.230000 1.171152 1
6.240000 1.261109 1
6.250000 1.156160 1
6.260000 0.955047 1
6.270000 1.253937 1
6.280000 1.192352 1
6.290000 1.111244 1
6.300000 1.136860 1
6.310000 1.196472 1
6.320000 0.838089 1
6.330000 1.066040 1
6.340000 1.216976 1
6.350000 1.096393 1
6.360000 0.919986 1
6.370000 1.183923 1
6.380000 0.853062 1
6.390000 1.054582 1
6.400000 1.152066 1
6.410000 1.312694 1
6.420000 1.228467 1
6.430000 1.176278 1
6.440000 1.017776 1
6.450000 1.109133 1
6.460000 1.306457 1
6.470000 1.213143 1
6.480000 1.216839 1
6.490000 1.199001 1
6.500000 1.251863 1
6.510000 1.091800 1
6.520000 1.165127 1
6.530000 1.218357 1
6.540000 1.110394 1
6.550000 1.135360 1
6.560000 1.323582 1
6.570000 1.252002 1
6.580000 1.150309 1
6.590000 1.088859 1
6.600000 1.167210 1
6.610000 1.199022 1
6.620000 1.362878 1
6.630000 1.185764 1
6.640000 1.259975 1
6.650000 1.270688 1
6.660000 1.434124 1
6.670000 1.066964 1
6.680000 1.171615 1
6.690000 1.205224 1
6.700000 1.033034 1
6.710000 1.255380 1
6.720000 1.151653 1
6.730000 1.335761 1
6.740000 1.180759 1
6.750000 1.136329 1
6.760000 1.248872 1
6.770000 1.229215 1
6.780000 1.294753 1
6.790000 1.153227 1
6.800000 1.197384 1
6.810000 1.278196 1
6.820000 1.213095 1
6.830000 1.135787 1
6.840000 1.209358 1
6.850000 1.183372 1
6.860000 1.103188 1
6.870000 1.261461 1
6.880000 1.301121 1
6.890000 1.185679 1
6.900000 1.106508 1
6.910000 1.206003 1
6.920000 1.218579 1
6.930000 1.252712 1
6.940000 1.218133 1
6.950000 0.980368 1
6.960000 1.298316 1
6.970000 1.125300 1
6.980000 1.482602 1
6.990000 1.176855 1
7.000000 1.197735 1
7.010000 1.202470 1
7.020000 1.317441 1
7.030000 1.211502 1
7.040000 1.254327 1
7.050000 1.152078 1
7.060000 1.056551 1
7.070000 1.203701 1
7.080000 1.247556 1
7.090000 1.366188 1
7.100000 1.281195 1
7.110000 1.204339 1
7.120000 1.086053 1
7.130000 1.309466 1
7.140000 1.240292 1
7.150000 1.330310 1
7.160000 1.261403 1
7.170000 1.269782 1
7.180000 1.236342 1
7.190000 1.196513 1
7.200000 1.186478 1
7.210000 1.291772 1
7.220000 1.126636 1
7.230000 1.370424 1
7.240000 1.151572 1
7.250000 1.298310 1
7.260000 1.121689 1
7.270000 1.300263 1
7.280000 1.247370 1
7.290000 1.207153 1
7.300000 1.066295 1
7.310000 1.433472 1
7.320000 1.388185 1
7.330000 1.349967 1
7.340000 1.028256 1
7.350000 1.288915 1
7.360000 1.322202 1
7.370000 1.054338 1
7.380000 1.320044 1
7.390000 1.126180 1
7.400000 1.261948 1
7.410000 1.354801 1
7.420000 1.250882 1
7.430000 1.349909 1
7.440000 1.298382 1
7.450000 1.094283 1
7.460000 1.285003 1
7.470000 1.187204 1
7.480000 1.430902 1
7.490000 1.299320 1
7.500000 1.101526 1
7.510000 1.267716 1
7.520000 1.332772 1
7.530000 1.239366 1
7.540000 1.399677 1
7.550000 1.238538 1
7.560000 1.333357 1
7.570000 1.332137 1
7.580000 1.273058 1
7.590000 1.167253 1
7.600000 1.287405 1
7.610000 1.255142 1
7.620000 1.222472 1
7.630000 1.186118 1
7.640000 1.308681 1
7.650000 1.404155 1
7.660000 1.410781 1
7.670000 1.308334 1
7.680000 1.432940 1
7.690000 1.250545 1
7.700000 1.158523 1
7.710000 1.424389 1
7.720000 1.313403 1
7.730000 1.278667 1
7.740000 1.307885 1
7.750000 1.146909 1
7.760000 1.408040 1
7.770000 1.242772 1
7.780000 1.213422 1
7.790000 1.297263 1
7.800000 1.197809 1
7.810000 1.176248 1
7.820000 1.348978 1
7.830000 1.290844 1
7.840000 1.254939 1
7.850000 1.400399 1
7.860000 1.206642 1
7.870000 1.391593 1
7.880000 0.976131 1
7.890000 1.249366 1
7.900000 1.264197 1
7.910000 1.408255 1
7.920000 1.222133 1
7.930000 1.339833 1
7.940000 1.257661 1
7.950000 1.147049 1
7.960000 1.239867 1
7.970000 1.373387 1
7.980000 1.208133 1
7.990000 1.286004 1
8.000000 1.162826 1
8.010000 1.335065 1
8.020000 1.269056 1
8.030000 1.286891 1
8.040000 1.281223 1
8.050000 1.370142 1
8.060000 1.340677 1
8.070000 1.374141 1
8.080000 1.181133 1
8.090000 1.473055 1
8.100000 1.272894 1
8.110000 1.458233 1
8.120000 1.219696 1
8.130000 1.439678 1
8.140000 1.319533 1
8.150000 1.361867 1
8.160000 1.439867 1
8.170000 1.317471 1
8.180000 1.467278 1
8.190000 1.366580 1
8.200000 1.294134 1
8.210000 1.296370 1
8.220000 1.061298 1
8.230000 1.225358 1
8.240000 1.347691 1
8.250000 1.443672 1
8.260000 1.455733 1
8.270000 1.478214 1
8.280000 1.120259 1
8.290000 1.412106 1
8.300000 1.485090 1
8.310000 1.364796 1
8.320000 1.229614 1
8.330000 1.165121 1
8.340000 1.177024 1
8.350000 1.297016 1
8.360000 1.327149 1
8.370000 1.340445 1
8.380000 1.361625 1
8.390000 1.293137 1
8.400000 1.174471 1
8.410000 1.233593 1
8.420000 1.283322 1
8.430000 1.217818 1
8.440000 1.371160 1
8.450000 1.340084 1
8.460000 1.260644 1
8.470000 1.310314 1
8.480000 1.405450 1
8.490000 1.354476 1
8.500000 1.192242 1
8.510000 1.399861 1
8.520000 1.333633 1
8.530000 1.400105 1
8.540000 1.438546 1
8.550000 1.372621 1
8.560000 1.324211 1
8.570000 1.351075 1
8.580000 1.306986 1
8.590000 1.448975 1
8.600000 1.311377 1
8.610000 1.316374 1
8.620000 1.438357 1
8.630000 1.267266 1
8.640000 1.388890 1
8.650000 1.403787 1
8.660000 1.342866 1
8.670000 1.105855 1
8.680000 1.363349 1
8.690000 1.266169 1
8.700000 1.307783 1
8.710000 1.421001 1
8.720000 1.342493 1
8.730000 1.325228 1
8.740000 1.294919 1
8.750000 1.253095 1
8.760000 1.461530 1
8.770000 1.379474 1
8.780000 1.268609 1
8.790000 1.325871 1
8.800000 1.305108 1
8.810000 1.394791 1
8.820000 1.350596 1
8.830000 1.265868 1
8.840000 1.304948 1
8.850000 1.444566 1
8.860000 1.230618 1
8.870000 1.306396 1
8.880000 1.268888 1
8.890000 1.491857 1
8.900000 1.270230 1
8.910000 1.345141 1
8.920000 1.296265 1
8.930000 1.455633 1
8.940000 1.461363 1
8.950000 1.353480 1
8.960000 1.434345 1
8.970000 1.510339 1
8.980000 1.293563 1
8.990000 1.322823 1
9.000000 1.163236 1
9.010000 1.224499 1
9.020000 1.305802 1
9.030000 1.390158 1
9.040000 1.286666 1
9.050000 1.411442 1
9.060000 1.292005 1
9.070000 1.295314 1
9.080000 1.358588 1
9.090000 1.406681 1
9.100000 1.275252 1
9.110000 1.270903 1
9.120000 1.195584 1
9.130000 1.421370 1
9.140000 1.388104 1
9.150000 1.515737 1
9.160000 1.351944 1
9.170000 1.290040 1
9.180000 1.493521 1
9.190000 1.413740 1
9.200000 1.423882 1
9.210000 1.238723 1
9.220000 1.544966 1
9.230000 1.399927 1
9.240000 1.314874 1
9.250000 1.436998 1
9.260000 1.237719 1
9.270000 1.463558 1
9.280000 1.533260 1
9.290000 1.458479 1
9.300000 1.501781 1
9.310000 1.409742 1
9.320000 1.397070 1
9.330000 1.462053 1
9.340000 1.316528 1
9.350000 1.379885 1
9.360000 1.391685 1
9.370000 1.319759 1
9.380000 1.386756 1
9.390000 1.573070 1
9.400000 1.378231 1
9.410000 1.340868 1
9.420000 1.521757 1
9.430000 1.450610 1
9.440000 1.484249 1
9.450000 1.446697 1
9.460000 1.521706 1
9.470000 1.300409 1
9.480000 1.371372 1
9.490000 1.469359 1
9.500000 1.353063 1
9.510000 1.584115 1
9.520000 1.409744 1
9.530000 1.385840 1
9.540000 1.620612 1
9.550000 1.463659 1
9.560000 1.454740 1
9.570000 1.173571 1
9.580000 1.390400 1
9.590000 1.492496 1
9.600000 1.454344 1
9.610000 1.682272 1
9.620000 1.476480 1
9.630000 1.259638 1
9.640000 1.435654 1
9.650000 1.502361 1
9.660000 1.385094 1
9.670000 1.512199 1
9.680000 1.326827 1
9.690000 1.562856 1
9.700000 1.615592 1
9.710000 1.393545 1
9.720000 1.304928 1
9.730000 1.509522 1
9.740000 1.239228 1
9.750000 1.532389 1
9.760000 1.425568 1
9.770000 1.704681 1
9.780000 1.344499 1
9.790000 1.434155 1
9.800000 1.449670 1
9.810000 1.467610 1
9.820000 1.466322 1
9.830000 1.322557 1
9.840000 1.496982 1
9.850000 1.592794 1
9.860000 1.336409 1
9.870000 1.546482 1
9.880000 1.458637 1
9.890000 1.409467 1
9.900000 1.521138 1
9.910000 1.468400 1
9.920000 1.397190 1
9.930000 1.436729 1
9.940000 1.485273 1
9.950000 1.595085 1
9.960000 1.377380 1
9.970000 1.490825 1
9.980000 1.346594 1
9.990000 1.448089 1
10.000000 1.306681 1
10.010000 1.369820 1
10.020000 1.474623 1
10.030000 1.574428 1
10.040000 1.642993 1
10.050000 1.530865 1
10.060000 1.460644 1
10.070000 1.348673 1
10.080000 1.422090 1
10.090000 1.372189 1
10.100000 1.477785 1
10.110000 1.564619 1
10.120000 1.385622 1
10.130000 1.507900 1
10.140000 1.426715 1
10.150000 1.486201 1
10.160000 1.422711 1
10.170000 1.351703 1
10.180000 1.626433 1
10.190000 1.548389 1
10.200000 1.360269 1
10.210000 1.451380 1
10.220000 1.424102 1
10.230000 1.407372 1
10.240000 1.413414 1
10.250000 1.579346 1
10.260000 1.530935 1
10.270000 1.557225 1
10.280000 1.488652 1
10.290000 1.470799 1
10.300000 1.460551 1
10.310000 1.246697 1
10.320000 1.567254 1
10.330000 1.525635 1
10.340000 1.443313 1
10.350000 1.437422 1
10.360000 1.688564 1
10.370000 1.447149 1
10.380000 1.580650 1
10.390000 1.436421 1
10.400000 1.515580 1
10.410000 1.588561 1
10.420000 1.515814 1
10.430000 1.440839 1
10.440000 1.538435 1
10.450000 1.528878 1
10.460000 1.633008 1
10.470000 1.505809 1
10.480000 1.396551 1
10.490000 1.426695 1
10.500000 1.744340 1
10.510000 1.412757 1
10.520000 1.544746 1
10.530000 1.513240 1
10.540000 1.431697 1
10.550000 1.501216 1
10.560000 1.375355 1
10.570000 1.706256 1
10.580000 1.630702 1
10.590000 1.434451 1
10.600000 1.541826 1
10.610000 1.665724 1
10.620000 1.392099 1
10.630000 1.547706 1
10.640000 1.538094 1
10.650000 1.500952 1
10.660000 1.560652 1
10.670000 1.420021 1
10.680000 1.624287 1
10.690000 1.486909 1
10.700000 1.422758 1
10.710000 1.491430 1
10.720000 1.682485 1
10.730000 1.500850 1
10.740000 1.786140 1
10.750000 1.480685 1
10.760000 1.656203 1
10.770000 1.486597 1
10.780000 1.705700 1
10.790000 1.537043 1
10.800000 1.646215 1
10.810000 1.364535 1
10.820000 1.555621 1
10.830000 1.360893 1
10.840000 1.496881 1
10.850000 1.491944 1
10.860000 1.554570 1
10.870000 1.553768 1
10.880000 1.624549 1
10.890000 1.490659 1
10.900000 1.556548 1
10.910000 1.552207 1
10.920000 1.541683 1
10.930000 1.592741 1
10.940000 1.511786 1
10.950000 1.555812 1
10.960000 1.360785 1
10.970000 1.570015 1
10.980000 1.401996 1
10.990000 1.553852 1
11.000000 1.515219 1
11.010000 1.432167 1
11.020000 1.537309 1
11.030000 1.629601 1
11.040000 1.543942 1
11.050000 1.496814 1
11.060000 1.570785 1
11.070000 1.405678 1
11.080000 1.537073 1
11.090000 1.460248 1
11.100000 1.771131 1
11.110000 1.492414 1
11.120000 1.444676 1
11.130000 1.610515 1
11.140000 1.563538 1
11.150000 1.496415 1
11.160000 1.482892 1
11.170000 1.476111 1
11.180000 1.670594 1
11.190000 1.491370 1
11.200000 1.601602 1
11.210000 1.430582 1
11.220000 1.649311 1
11.230000 1.363009 1
11.240000 1.502186 1
11.250000 1.580524 1
11.260000 1.521648 1
11.270000 1.523028 1
11.280000 1.485510 1
11.290000 1.669698 1
11.300000 1.431521 1
11.310000 1.478176 1
11.320000 1.561238 1
11.330000 1.474502 1
11.340000 1.371603 1
11.350000 1.695253 1
11.360000 1.534389 1
11.370000 1.549246 1
11.380000 1.568093 1
11.390000 1.653342 1
11.400000 1.406945 1
11.410000 1.655018 1
11.420000 1.461692 1
11.430000 1.572449 1
11.440000 1.495831 1
11.450000 1.730817 1
11.460000 1.638842 1
11.470000 1.290592 1
11.480000 1.671840 1
11.490000 1.645138 1
11.500000 1.703135 1
11.510000 1.707359 1
11.520000 1.521330 1
11.530000 1.496833 1
11.540000 1.673655 1
11.550000 1.441113 1
11.560000 1.649892 1
11.570000 1.519021 1
11.580000 1.487680 1
11.590000 1.711319 1
11.600000 1.659503 1
11.610000 1.702529 1
11.620000 1.489371 1
11.630000 1.513052 1
11.640000 1.566453 1
11.650000 1.494438 1
11.660000 1.380874 1
11.670000 1.679426 1
11.680000 1.716716 1
11.690000 1.520821 1
11.700000 1.540110 1
11.710000 1.586537 1
11.720000 1.534930 1
11.730000 1.454798 1
11.740000 1.514277 1
11.750000 1.658180 1
11.760000 1.499464 1
11.770000 1.647956 1
11.780000 1.617460 1
11.790000 1.491044 1
11.800000 1.451043 1
11.810000 1.457924 1
11.820000 1.724902 1
11.830000 1.538383 1
11.840000 1.488793 1
11.850000 1.691896 1
11.860000 1.581332 1
11.870000 1.523925 1
11.880000 1.687563 1
11.890000 1.418459 1
11.900000 1.668074 1
11.910000 1.584935 1
11.920000 1.476996 1
11.930000 1.741094 1
11.940000 1.508866 1
11.950000 1.652209 1
11.960000 1.526208 1
11.970000 1.482030 1
11.980000 1.557316 1
11.990000 1.579741 1
12.000000 1.510511 1
12.010000 1.657632 1
12.020000 1.719959 1
12.030000 1.543499 1
12.040000 1.421807 1
12.050000 1.483813 1
12.060000 1.786398 1
12.070000 1.604232 1
12.080000 1.555088 1
12.090000 1.653816 1
12.100000 1.626646 1
12.110000 1.596294 1
12.120000 1.684176 1
12.130000 1.633399 1
12.140000 1.665912 1
12.150000 1.484445 1
12.160000 1.650202 1
12.170000 1.460915 1
12.180000 1.644823 1
12.190000 1.487719 1
12.200000 1.680562 1
12.210000 1.601783 1
12.220000 1.591806 1
12.230000 1.553381 1
12.240000 1.469304 1
12.250000 1.582605 1
12.260000 1.530262 1
12.270000 1.671170 1
12.280000 1.667968 1
12.290000 1.663378 1
12.300000 1.558940 1
12.310000 1.787182 1
12.320000 1.453117 1
12.330000 1.566092 1
12.340000 1.728813 1
12.350000 1.723367 1
12.360000 1.653778 1
12.370000 1.790910 1
12.380000 1.611233 1
12.390000 1.503631 1
12.400000 1.656649 1
12.410000 1.553977 1
12.420000 1.648285 1
12.430000 1.673277 1
12.440000 1.820340 1
12.450000 1.800064 1
12.460000 1.560119 1
12.470000 1.584824 1
12.480000 1.799899 1
12.490000 1.665886 1
12.500000 1.672204 1
12.510000 1.778699 1
12.520000 1.438366 1
12.530000 1.703565 1
12.540000 1.632711 1
12.550000 1.713891 1
12.560000 1.625362 1
12.570000 1.749641 1
12.580000 1.585355 1
12.590000 1.595380 1
12.600000 1.673710 1
12.610000 1.623866 1
12.620000 1.583776 1
12.630000 1.556522 1
12.640000 1.642193 1
12.650000 1.754179 1
12.660000 1.707439 1
12.670000 1.620591 1
12.680000 1.718939 1
12.690000 1.587920 1
12.700000 1.548254 1
12.710000 1.754578 1
12.720000 1.881772 1
12.730000 1.554716 1
12.740000 1.483634 1
12.750000 1.572884 1
12.760000 1.662135 1
12.770000 1.583577 1
12.780000 1.713296 1
12.790000 1.603484 1
12.800000 1.753239 1
12.810000 1.569379 1
12.820000 1.579007 1
12.830000 1.584152 1
12.840000 1.789364 1
12.850000 1.822923 1
12.860000 1.538938 1
12.870000 1.568698 1
12.880000 1.775334 1
12.890000 1.632821 1
12.900000 1.747513 1
12.910000 1.602768 1
12.920000 1.707396 1
12.930000 1.761932 1
12.940000 1.576871 1
12.950000 1.713509 1
12.960000 1.742470 1
12.970000 1.800106 1
12.980000 1.712205 1
12.990000 1.656556 1
13.000000 1.580404 1
13.010000 1.790957 1
13.020000 1.827847 1
13.030000 1.619029 1
13.040000 1.464056 1
13.050000 1.563570 1
13.060000 1.716486 1
13.070000 1.660985 1
13.080000 1.885906 1
13.090000 1.669251 1
13.100000 1.651333 1
13.110000 1.756543 1
13.120000 1.557941 1
13.130000 1.769531 1
13.140000 1.809900 1
13.150000 1.784167 1
13.160000 1.895389 1
13.170000 1.605488 1
13.180000 1.656543 1
13.190000 1.532997 1
13.200000 1.569178 1
13.210000 1.626871 1
13.220000 1.669419 1
13.230000 1.672146 1
13.240000 1.671747 1
13.250000 1.593797 1
13.260000 1.668071 1
13.270000 1.809158 1
13.280000 1.701938 1
13.290000 1.573175 1
13.300000 1.735822 1
13.310000 1.642318 1
13.320000 1.860262 1
13.330000 1.620503 1
13.340000 1.881881 1
13.350000 1.537778 1
13.360000 1.755359 1
13.370000 1.719560 1
13.380000 1.685818 1
13.390000 1.824703 1
13.400000 1.582432 1
13.410000 1.583229 1
13.420000 1.607271 1
13.430000 1.722398 1
13.440000 1.533935 1
13.450000 1.614692 1
13.460000 1.611062 1
13.470000 1.729752 1
13.480000 1.878749 1
13.490000 1.742187 1
13.500000 1.895458 1
13.510000 1.648042 1
13.520000 1.708618 1
13.530000 1.748075 1
13.540000 1.750189 1
13.550000 1.903478 1
13.560000 1.926513 1
13.570000 1.771439 1
13.580000 1.580360 1
13.590000 1.628402 1
13.600000 1.694340 1
13.610000 1.635960 1
13.620000 1.727788 1
13.630000 1.731149 1
13.640000 1.640683 1
13.650000 1.809445 1
13.660000 1.635398 1
13.670000 1.782676 1
13.680000 1.713037 1
13.690000 1.622321 1
13.700000 1.816532 1
13.710000 1.703434 1
13.720000 1.558589 1
13.730000 1.636271 1
13.740000 1.720390 1
13.750000 1.586738 1
13.760000 1.751584 1
13.770000 1.666823 1
13.780000 1.809631 1
13.790000 1.770335 1
13.800000 1.782704 1
13.810000 1.575909 1
13.820000 1.765956 1
13.830000 1.718302 1
13.840000 1.783228 1
13.850000 1.637804 1
13.860000 1.773142 1
13.870000 1.791947 1
13.880000 1.730309 1
13.890000 1.680525 1
13.900000 1.834421 1
13.910000 1.891519 1
13.920000 1.783331 1
13.930000 1.799810 1
13.940000 1.835539 1
13.950000 1.614072 1
13.960000 1.863998 1
13.970000 1.828476 1
13.980000 1.914261 1
13.990000 1.714487 1
14.000000 1.690571 1
14.010000 1.774416 1
14.020000 1.636121 1
14.030000 1.779750 1
14.040000 1.599287 1
14.050000 1.739120 1
14.060000 1.614027 1
14.070000 1.785477 1
14.080000 1.710794 1
14.090000 1.761154 1
14.100000 1.791781 1
14.110000 1.741709 1
14.120000 1.828141 1
14.130000 1.835127 1
14.140000 1.687478 1
14.150000 1.814360 1
14.160000 1.928374 1
14.170000 1.834128 1
14.180000 1.842663 1
14.190000 1.662123 1
14.200000 1.810550 1
14.210000 1.769969 1
14.220000 1.946456 1
14.230000 1.758721 1
14.240000 1.875114 1
14.250000 1.782210 1
14.260000 1.811433 1
14.270000 1.667764 1
14.280000 1.732597 1
14.290000 1.708956 1
14.300000 1.868881 1
14.310000 1.673790 1
14.320000 1.751286 1
14.330000 1.837492 1
14.340000 1.725178 1
14.350000 1.657269 1
14.360000 1.832660 1
14.370000 1.676077 1
14.380000 1.647702 1
14.390000 1.730173 1
14.400000 1.868267 1
14.410000 1.905288 1
14.420000 1.744767 1
14.430000 1.663009 1
14.440000 1.841545 1
14.450000 1.720719 1
14.460000 1.962038 1
14.470000 1.752901 1
14.480000 1.815433 1
14.490000 1.715649 1
14.500000 1.696009 1
14.510000 1.711896 1
14.520000 1.736592 1
14.530000 1.677261 1
14.540000 1.747812 1
14.550000 1.806877 1
14.560000 1.736268 1
14.570000 1.687056 1
14.580000 1.789842 1
14.590000 1.747120 1
14.600000 1.956429 1
14.610000 1.780592 1
14.620000 1.833212 1
14.630000 1.690000 1
14.640000 1.811263 1
14.650000 1.601069 1
14.660000 1.581998 1
14.670000 1.753918 1
14.680000 1.779333 1
14.690000 1.947648 1
14.700000 1.739928 1
14.710000 1.923732 1
14.720000 1.699252 1
14.730000 1.725394 1
14.740000 1.747468 1
14.750000 1.887842 1
14.760000 1.748355 1
14.770000 1.989321 1
14.780000 1.716204 1
14.790000 1.602916 1
14.800000 1.858609 1
14.810000 1.568475 1
14.820000 1.710429 1
14.830000 1.813125 1
14.840000 1.783273 1
14.850000 1.751788 1
14.860000 1.794886 1
14.870000 1.716958 1
14.880000 1.636900 1
14.890000 1.693405 1
14.900000 1.814752 1
14.910000 1.778869 1
14.920000 1.784787 1
14.930000 1.767823 1
14.940000 1.834718 1
14.950000 2.084737 1
14.960000 1.630622 1
14.970000 2.014552 1
14.980000 1.860787 1
14.990000 1.761661 1
15.000000 1.764269 1
15.010000 1.745101 1
15.020000 1.996581 1
15.030000 1.802408 1
15.040000 1.614596 1
15.050000 1.843506 1
15.060000 1.798324 1
15.070000 1.737493 1
15.080000 2.004221 1
15.090000 1.953818 1
15.100000 1.856473 1
15.110000 1.762336 1
15.120000 1.731469 1
15.130000 1.802947 1
15.140000 1.794027 1
15.150000 1.728260 1
15.160000 1.762429 1
15.170000 1.762584 1
15.180000 1.728850 1
15.190000 1.930457 1
15.200000 1.833498 1
15.210000 1.868810 1
15.220000 1.762427 1
15.230000 1.891538 1
15.240000 1.815858 1
15.250000 2.044643 1
15.260000 1.956256 1
15.270000 1.762196 1
15.280000 1.891808 1
15.290000 1.939459 1
15.300000 1.777971 1
15.310000 1.806226 1
15.320000 1.867530 1
15.330000 1.698381 1
15.340000 1.876366 1
15.350000 1.901367 1
15.360000 1.600204 1
15.370000 1.739112 1
15.380000 1.869193 1
15.390000 1.804535 1
15.400000 1.936202 1
15.410000 1.860969 1
15.420000 1.947327 1
15.430000 1.897223 1
15.440000 1.848576 1
15.450000 1.829447 1
15.460000 1.758666 1
15.470000 1.811294 1
15.480000 1.652731 1
15.490000 1.880111 1
15.500000 1.859488 1
15.510000 1.862725 1
15.520000 1.778408 1
15.530000 1.970927 1
15.540000 1.755080 1
15.550000 1.683372 1
15.560000 1.953604 1
15.570000 1.962872 1
15.580000 1.668184 1
15.590000 1.819570 1
15.600000 1.876879 1
15.610000 1.839598 1
15.620000 1.862569 1
15.630000 1.975719 1
15.640000 1.891114 1
15.650000 1.880284 1
15.660000 1.869078 1
15.670000 1.753885 1
15.680000 1.922694 1
15.690000 2.051894 1
15.700000 1.944996 1
15.710000 1.818056 1
15.720000 1.861906 1
15.730000 1.888179 1
15.740000 1.936426 1
15.750000 1.857476 1
15.760000 2.049260 1
15.770000 1.963081 1
15.780000 1.902261 1
15.790000 1.998213 1
15.800000 1.847539 1
15.810000 1.912098 1
15.820000 1.893062 1
15.830000 1.936044 1
15.840000 1.947758 1
15.850000 1.837881 1
15.860000 1.987464 1
15.870000 1.958936 1
15.880000 1.947707 1
15.890000 1.954820 1
15.900000 1.656937 1
15.910000 1.936242 1
15.920000 1.823310 1
15.930000 1.826335 1
15.940000 1.753303 1
15.950000 1.817575 1
15.960000 1.696986 1
15.970000 1.853282 1
15.980000 1.879514 1
15.990000 2.056539 1
16.000000 1.779472 1
16.010000 1.808118 1
16.020000 1.903004 1
16.030000 1.936979 1
16.040000 1.792030 1
16.050000 1.909961 1
16.060000 1.805510 1
16.070000 1.886105 1
16.080000 1.917206 1
16.090000 1.795044 1
16.100000 1.831473 1
16.110000 1.964306 1
16.120000 1.795496 1
16.130000 1.820104 1
16.140000 2.082713 1
16.150000 1.920996 1
16.160000 2.086766 1
16.170000 1.827973 1
16.180000 1.677608 1
16.190000 1.845791 1
16.200000 1.940556 1
16.210000 1.991996 1
16.220000 1.937589 1
16.230000 1.728327 1
16.240000 1.805488 1
16.250000 1.944377 1
16.260000 1.951882 1
16.270000 2.015370 1
16.280000 1.823928 1
16.290000 2.098858 1
16.300000 1.762852 1
16.310000 1.909066 1
16.320000 1.956784 1
16.330000 1.953830 1
16.340000 1.955350 1
16.350000 1.931202 1
16.360000 1.680296 1
16.370000 2.016801 1
16.380000 1.863298 1
16.390000 1.793141 1
16.400000 2.046076 1
16.410000 1.856010 1
16.420000 1.925336 1
16.430000 1.919525 1
16.440000 1.959318 1
16.450000 1.905941 1
16.460000 1.809371 1
16.470000 2.076273 1
16.480000 1.915486 1
16.490000 1.857923 1
16.500000 1.897847 1
16.510000 1.940552 1
16.520000 1.781937 1
16.530000 1.873950 1
16.540000 1.694385 1
16.550000 1.923711 1
16.560000 1.661354 1
16.570000 2.042848 1
16.580000 1.807129 1
16.590000 1.838749 1
16.600000 1.829273 1
16.610000 1.906294 1
16.620000 1.859157 1
16.630000 1.823593 1
16.640000 1.815195 1
16.650000 1.932416 1
16.660000 1.875282 1
16.670000 1.835474 1
16.680000 1.981741 1
16.690000 1.874242 1
16.700000 1.844674 1
16.710000 1.915293 1
16.720000 1.939339 1
16.730000 2.077480 1
16.740000 1.833664 1
16.750000 1.918112 1
16.760000 1.916679 1
16.770000 1.864419 1
16.780000 1.771450 1
16.790000 1.705874 1
16.800000 1.992053 1
16.810000 2.041346 1
16.820000 1.825810 1
16.830000 1.947268 1
16.840000 1.971573 1
16.850000 1.858147 1
16.860000 1.867484 1
16.870000 1.963241 1
16.880000 1.880022 1
16.890000 1.993027 1
16.900000 2.158459 1
16.910000 1.874571 1
16.920000 2.021085 1
16.930000 1.961584 1
16.940000 1.881424 1
16.950000 1.910803 1
16.960000 1.838186 1
16.970000 1.841345 1
16.980000 1.875517 1
16.990000 1.924462 1
17.000000 2.006547 1
17.010000 1.925695 1
17.020000 1.906323 1
17.030000 1.974042 1
17.040000 2.016949 1
17.050000 2.046057 1
17.060000 2.037252 1
17.070000 1.969386 1
17.080000 1.855434 1
17.090000 1.859207 1
17.100000 1.798577 1
17.110000 1.857046 1
17.120000 2.021359 1
17.130000 2.057425 1
17.140000 1.952310 1
17.150000 1.975050 1
17.160000 2.036045 1
17.170000 2.041669 1
17.180000 1.772849 1
17.190000 2.045549 1
17.200000 1.934553 1
17.210000 2.049347 1
17.220000 1.998964 1
17.230000 1.918319 1
17.240000 2.140401 1
17.250000 1.798061 1
17.260000 1.899868 1
17.270000 2.043172 1
17.280000 1.916666 1
17.290000 1.823162 1
17.300000 2.142149 1
17.310000 1.938105 1
17.320000 1.854371 1
17.330000 2.026452 1
17.340000 2.035540 1
17.350000 1.884546 1
17.360000 2.019289 1
17.370000 1.771583 1
17.380000 1.896929 1
17.390000 1.898569 1
17.400000 2.028038 1
17.410000 2.017622 1
17.420000 1.910740 1
17.430000 1.988571 1
17.440000 1.965220 1
17.450000 1.960350 1
17.460000 2.020839 1
17.470000 1.948904 1
17.480000 2.073415 1
17.490000 1.917959 1
17.500000 2.068500 1
17.510000 1.831032 1
17.520000 2.015524 1
17.530000 2.045227 1
17.540000 1.768873 1
17.550000 2.007803 1
17.560000 1.976675 1
17.570000 1.789844 1
17.580000 1.985050 1
17.590000 1.982267 1
17.600000 2.032094 1
17.610000 1.931002 1
17.620000 1.936948 1
17.630000 2.069061 1
17.640000 2.060570 1
17.650000 1.811856 1
17.660000 1.989633 1
17.670000 2.030565 1
17.680000 1.795013 1
17.690000 2.187363 1
17.700000 1.928809 1
17.710000 2.069643 1
17.720000 2.063641 1
17.730000 2.041405 1
17.740000 1.919486 1
17.750000 1.997949 1
17.760000 1.833696 1
17.770000 1.951424 1
17.780000 1.988511 1
17.790000 1.869630 1
17.800000 2.114277 1
17.810000 2.062686 1
17.820000 1.960372 1
17.830000 1.823247 1
17.840000 2.168259 1
17.850000 2.097943 1
17.860000 1.905712 1
17.870000 2.080218 1
17.880000 1.946329 1
17.890000 2.025192 1
17.900000 1.959924 1
17.910000 2.054092 1
17.920000 2.154020 1
17.930000 2.015479 1
17.940000 1.824984 1
17.950000 2.023861 1
17.960000 2.085291 1
17.970000 2.040650 1
17.980000 2.002732 1
17.990000 1.957043 1
18.000000 1.907793 1
18.010000 1.868827 1
18.020000 1.876555 1
18.030000 2.084934 1
18.040000 2.004136 1
18.050000 2.036896 1
18.060000 1.968669 1
18.070000 2.104316 1
18.080000 1.974324 1
18.090000 2.121375 1
18.100000 1.867455 1
18.110000 1.911298 1
18.120000 1.942705 1
18.130000 1.979420 1
18.140000 2.101071 1
18.150000 1.973822 1
18.160000 1.854835 1
18.170000 2.097461 1
18.180000 2.086631 1
18.190000 2.030165 1
18.200000 2.126580 1
18.210000 2.051692 1
18.220000 2.061081 1
18.230000 2.098732 1
18.240000 2.021117 1
18.250000 2.095731 1
18.260000 1.933553 1
18.270000 1.875090 1
18.280000 1.980685 1
18.290000 2.058027 1
18.300000 2.060662 1
18.310000 1.928438 1
18.320000 2.097409 1
18.330000 2.062391 1
18.340000 1.864817 1
18.350000 2.004846 1
18.360000 2.074391 1
18.370000 1.850060 1
18.380000 1.994139 1
18.390000 1.913513 1
18.400000 1.912999 1
18.410000 2.052510 1
18.420000 1.968942 1
18.430000 1.937873 1
18.440000 1.883019 1
18.450000 2.010169 1
18.460000 1.976060 1
18.470000 2.245512 1
18.480000 2.071928 1
18.490000 2.015213 1
18.500000 2.199915 1
18.510000 2.220271 1
18.520000 2.175351 1
18.530000 2.045856 1
18.540000 1.957174 1
18.550000 2.094161 1
18.560000 1.906124 1
18.570000 2.031955 1
18.580000 2.169124 1
18.590000 2.033065 1
18.600000 1.981648 1
18.610000 2.041736 1
18.620000 2.087394 1
18.630000 1.987590 1
18.640000 2.038779 1
18.650000 1.898419 1
18.660000 1.833077 1
18.670000 1.961935 1
18.680000 2.181857 1
18.690000 2.012364 1
18.700000 2.005359 1
18.710000 2.188307 1
18.720000 2.006604 1
18.730000 2.098773 1
18.740000 2.151601 1
18.750000 1.987024 1
18.760000 2.200223 1
18.770000 2.133668 1
18.780000 2.006439 1
18.790000 2.074828 1
18.800000 2.006508 1
18.810000 2.078053 1
18.820000 2.043889 1
18.830000 1.937312 1
18.840000 2.141996 1
18.850000 1.989861 1
18.860000 2.163142 1
18.870000 2.118598 1
18.880000 2.122425 1
18.890000 2.143448 1
18.900000 2.021263 1
18.910000 2.216698 1
18.920000 2.096552 1
18.930000 2.080432 1
18.940000 1.920660 1
18.950000 2.002905 1
18.960000 2.027718 1
18.970000 1.958743 1
18.980000 2.150540 1
18.990000 1.913289 1
19.000000 2.028961 1
19.010000 2.067062 1
19.020000 2.031759 1
19.030000 2.059261 1
19.040000 1.982808 1
19.050000 2.030323 1
19.060000 1.940593 1
19.070000 2.091273 1
19.080000 2.024601 1
19.090000 1.890520 1
19.100000 2.008803 1
19.110000 2.140818 1
19.120000 1.962496 1
19.130000 2.140132 1
19.140000 2.102455 1
19.150000 2.067959 1
19.160000 1.980750 1
19.170000 1.946082 1
19.180000 2.024357 1
19.190000 2.092156 1
19.200000 2.119075 1
19.210000 1.927518 1
19.220000 1.980875 1
19.230000 2.080054 1
19.240000 2.031487 1
19.250000 1.973003 1
19.260000 2.195354 1
19.270000 2.101690 1
19.280000 2.029804 1
19.290000 2.021551 1
19.300000 2.044946 1
19.310000 2.176368 1
19.320000 2.218597 1
19.330000 1.985732 1
19.340000 2.080853 1
19.350000 2.203934 1
19.360000 1.860067 1
19.370000 1.975993 1
19.380000 2.103839 1
19.390000 2.113682 1
19.400000 2.111138 1
19.410000 1.851658 1
19.420000 2.048912 1
19.430000 2.052790 1
19.440000 1.950250 1
19.450000 2.114673 1
19.460000 2.076019 1
19.470000 2.114010 1
19.480000 2.108251 1
19.490000 1.988020 1
19.500000 2.213169 1
19.510000 2.161838 1
19.520000 2.111590 1
19.530000 2.088824 1
19.540000 2.203502 1
19.550000 2.148610 1
19.560000 1.895968 1
19.570000 2.232504 1
19.580000 2.155267 1
19.590000 2.000956 1
19.600000 1.890646 1
19.610000 1.960381 1
19.620000 2.180700 1
19.630000 2.062635 1
19.640000 2.006979 1
19.650000 1.952785 1
19.660000 2.161702 1
19.670000 2.037381 1
19.680000 1.951172 1
19.690000 1.979890 1
19.700000 2.120745 1
19.710000 1.991614 1
19.720000 2.214965 1
19.730000 2.010288 1
19.740000 2.053142 1
19.750000 2.097702 1
19.760000 1.979460 1
19.770000 2.172211 1
19.780000 2.080561 1
19.790000 2.047056 1
19.800000 2.073494 1
19.810000 2.033455 1
19.820000 2.102072 1
19.830000 2.097410 1
19.840000 2.163551 1
19.850000 2.008116 1
19.860000 2.143132 1
19.870000 2.025951 1
19.880000 2.156390 1
19.890000 2.220073 1
19.900000 2.083645 1
19.910000 2.171532 1
19.920000 2.023096 1
19.930000 2.175179 1
19.940000 2.049944 1
19.950000 1.878145 1
19.960000 2.102304 1
19.970000 2.093124 1
19.980000 2.004989 1
19.990000 2.203505 1
20.000000 2.248843 1
20.010000 2.250278 1
20.020000 2.412159 1
20.030000 2.191403 1
20.040000 2.107870 1
20.050000 2.073111 1
20.060000 2.092994 1
20.070000 2.059508 1
20.080000 2.062300 1
20.090000 2.188266 1
20.100000 2.178221 1
20.110000 2.159278 1
20.120000 2.186634 1
20.130000 2.146108 1
20.140000 2.170901 1
20.150000 2.083616 1
20.160000 1.962278 1
20.170000 2.076775 1
20.180000 2.236519 1
20.190000 2.092921 1
20.200000 2.112411 1
20.210000 1.953755 1
20.220000 2.078034 1
20.230000 2.103207 1
20.240000 2.336110 1
20.250000 2.073556 1
20.260000 1.780306 1
20.270000 1.962811 1
20.280000 2.146262 1
20.290000 1.923209 1
20.300000 2.122212 1
20.310000 2.180231 1
20.320000 2.147741 1
20.330000 2.060056 1
20.340000 2.046897 1
20.350000 2.121943 1
20.360000 1.994313 1
20.370000 2.054019 1
20.380000 1.868756 1
20.390000 2.050711 1
20.400000 2.094487 1
20.410000 2.078127 1
20.420000 2.161694 1
20.430000 2.248743 1
20.440000 2.241794 1
20.450000 2.013098 1
20.460000 2.145627 1
20.470000 2.092721 1
20.480000 2.259638 1
20.490000 2.021700 1
20.500000 2.119072 1
20.510000 2.184366 1
20.520000 2.106764 1
20.530000 2.033963 1
20.540000 2.007022 1
20.550000 2.145449 1
20.560000 2.073145 1
20.570000 2.153872 1
20.580000 2.021624 1
20.590000 2.074784 1
20.600000 2.308040 1
20.610000 1.946851 1
20.620000 2.091298 1
20.630000 2.006818 1
20.640000 2.071871 1
20.650000 2.160929 1
20.660000 2.060952 1
20.670000 2.070726 1
20.680000 2.102922 1
20.690000 2.157971 1
20.700000 2.100939 1
20.710000 2.267659 1
20.720000 1.989024 1
20.730000 2.142365 1
20.740000 2.116164 1
20.750000 2.197038 1
20.760000 2.319721 1
20.770000 2.181610 1
20.780000 2.205326 1
20.790000 2.253891 1
20.800000 2.230864 1
20.810000 2.099624 1
20.820000 2.194570 1
20.830000 2.151271 1
20.840000 2.100743 1
20.850000 2.283019 1
20.860000 2.050587 1
20.870000 2.339503 1
20.880000 2.174113 1
20.890000 2.177557 1
20.900000 2.314041 1
20.910000 2.115668 1
20.920000 2.033181 1
20.930000 2.107546 1
20.940000 2.217532 1
20.950000 2.125297 1
20.960000 1.934570 1
20.970000 1.982323 1
20.980000 2.399811 1
20.990000 2.242742 1
21.000000 2.211391 1
21.010000 2.040302 1
21.020000 2.125535 1
21.030000 2.100959 1
21.040000 2.343285 1
21.050000 2.122357 1
21.060000 2.307666 1
21.070000 2.062806 1
21.080000 2.075573 1
21.090000 2.299326 1
21.100000 2.143983 1
21.110000 2.217766 1
21.120000 2.027401 1
21.130000 2.059217 1
21.140000 2.168463 1
21.150000 2.229490 1
21.160000 2.325435 1
21.170000 2.176287 1
21.180000 2.103077 1
21.190000 2.130345 1
21.200000 2.121203 1
21.210000 2.299225 1
21.220000 2.076197 1
21.230000 2.324950 1
21.240000 2.224084 1
21.250000 2.296716 1
21.260000 2.218197 1
21.270000 2.267456 1
21.280000 2.103553 1
21.290000 2.139426 1
21.300000 2.221473 1
21.310000 2.258002 1
21.320000 2.270231 1
21.330000 2.383291 1
21.340000 2.275161 1
21.350000 2.400964 1
21.360000 2.145941 1
21.370000 2.229317 1
21.380000 2.275020 1
21.390000 2.173016 1
21.400000 2.174342 1
21.410000 2.112412 1
21.420000 2.144005 1
21.430000 2.184032 1
21.440000 2.093541 1
21.450000 2.078260 1
21.460000 2.166347 1
21.470000 2.397113 1
21.480000 2.195117 1
21.490000 2.118670 1
21.500000 2.259851 1
21.510000 2.120278 1
21.520000 2.220029 1
21.530000 2.191556 1
21.540000 2.122276 1
21.550000 2.261456 1
21.560000 2.137136 1
21.570000 2.201104 1
21.580000 2.053441 1
21.590000 2.144741 1
21.600000 2.063335 1
21.610000 2.329102 1
21.620000 2.039180 1
21.630000 2.309929 1
21.640000 2.152230 1
21.650000 2.201792 1
21.660000 2.148668 1
21.670000 2.192176 1
21.680000 2.230671 1
21.690000 2.160694 1
21.700000 2.262407 1
21.710000 2.173718 1
21.720000 2.158806 1
21.730000 2.074431 1
21.740000 2.257215 1
21.750000 2.304755 1
21.760000 2.350210 1
21.770000 2.285809 1
21.780000 2.235489 1
21.790000 2.291500 1
21.800000 2.220098 1
21.810000 2.172909 1
21.820000 2.332481 1
21.830000 2.070068 1
21.840000 2.219602 1
21.850000 2.340989 1
21.860000 2.236762 1
21.870000 2.228921 1
21.880000 2.039019 1
21.890000 2.175150 1
21.900000 2.284261 1
21.910000 2.129707 1
21.920000 2.300153 1
21.930000 2.298939 1
21.940000 2.127706 1
21.950000 2.095473 1
21.960000 2.189751 1
21.970000 2.160050 1
21.980000 1.953389 1
21.990000 2.118054 1
22.000000 2.171648 1
22.010000 2.122502 1
22.020000 2.270908 1
22.030000 2.183102 1
22.040000 2.244098 1
22.050000 2.163078 1
22.060000 2.134862 1
22.070000 2.117910 1
22.080000 2.116557 1
22.090000 2.219148 1
22.100000 2.116234 1
22.110000 2.147906 1
22.120000 2.134685 1
22.130000 2.136843 1
22.140000 2.274658 1
22.150000 2.224399 1
22.160000 2.076516 1
22.170000 2.295623 1
22.180000 2.327025 1
22.190000 2.077906 1
22.200000 1.978348 1
22.210000 2.076448 1
22.220000 2.254766 1
22.230000 2.237335 1
22.240000 2.208708 1
22.250000 2.214651 1
22.260000 2.260731 1
22.270000 2.309651 1
22.280000 2.293745 1
22.290000 2.446916 1
22.300000 2.064649 1
22.310000 2.149103 1
22.320000 2.300303 1
22.330000 2.139075 1
22.340000 2.375151 1
22.350000 2.345794 1
22.360000 2.175932 1
22.370000 2.222013 1
22.380000 2.160669 1
22.390000 2.052773 1
22.400000 2.129586 1
22.410000 2.423363 1
22.420000 2.374302 1
22.430000 2.187423 1
22.440000 2.206981 1
22.450000 2.313925 1
22.460000 2.438996 1
22.470000 2.272027 1
22.480000 2.200246 1
22.490000 2.233377 1
22.500000 2.238212 1
22.510000 2.186109 1
22.520000 2.191074 1
22.530000 2.258699 1
22.540000 2.163854 1
22.550000 2.259961 1
22.560000 2.234348 1
22.570000 2.191571 1
22.580000 2.164040 1
22.590000 2.271040 1
22.600000 2.299316 1
22.610000 2.332230 1
22.620000 2.421085 1
22.630000 2.237238 1
22.640000 2.286195 1
22.650000 2.133997 1
22.660000 2.144168 1
22.670000 2.365078 1
22.680000 2.126234 1
22.690000 2.102539 1
22.700000 2.442270 1
22.710000 2.152085 1
22.720000 2.192178 1
22.730000 2.323837 1
22.740000 2.397508 1
22.750000 2.169334 1
22.760000 2.144125 1
22.770000 2.276327 1
22.780000 2.169346 1
22.790000 2.153889 1
22.800000 2.446054 1
22.810000 2.371965 1
22.820000 2.354431 1
22.830000 2.306193 1
22.840000 2.166442 1
22.850000 2.240766 1
22.860000 2.220375 1
22.870000 2.235999 1
22.880000 2.298613 1
22.890000 2.208540 1
22.900000 2.338036 1
22.910000 2.190117 1
22.920000 2.434814 1
22.930000 2.155364 1
22.940000 2.201619 1
22.950000 2.282532 1
22.960000 2.164773 1
22.970000 2.294436 1
22.980000 2.205613 1
22.990000 2.204527 1
23.000000 2.257159 1
23.010000 2.343102 1
23.020000 2.128426 1
23.030000 2.430334 1
23.040000 2.306111 1
23.050000 2.233050 1
23.060000 2.315589 1
23.070000 2.124806 1
23.080000 2.156836 1
23.090000 2.246495 1
23.100000 2.350710 1
23.110000 2.325764 1
23.120000 2.244543 1
23.130000 2.511144 1
23.140000 2.482889 1
23.150000 2.152749 1
23.160000 2.381702 1
23.170000 2.387585 1
23.180000 2.231569 1
23.190000 2.221648 1
23.200000 2.348870 1
23.210000 2.237067 1
23.220000 2.187156 1
23.230000 2.310555 1
23.240000 2.207230 1
23.250000 2.312978 1
23.260000 2.344470 1
23.270000 2.329618 1
23.280000 2.316247 1
23.290000 2.406072 1
23.300000 2.312981 1
23.310000 2.483845 1
23.320000 2.363591 1
23.330000 2.077094 1
23.340000 2.251637 1
23.350000 2.252964 1
23.360000 2.285465 1
23.370000 2.284646 1
23.380000 2.403401 1
23.390000 2.266028 1
23.400000 2.150682 1
23.410000 2.338860 1
23.420000 2.254547 1
23.430000 2.417495 1
23.440000 2.173011 1
23.450000 2.318061 1
23.460000 2.371454 1
23.470000 2.295075 1
23.480000 2.326755 1
23.490000 2.231734 1
23.500000 2.354778 1
23.510000 2.446133 1
23.520000 2.447068 1
23.530000 2.434362 1
23.540000 2.245261 1
23.550000 2.166076 1
23.560000 2.053272 1
23.570000 2.373876 1
23.580000 2.247053 1
23.590000 2.317858 1
23.600000 2.396382 1
23.610000 2.334505 1
23.620000 2.365246 1
23.630000 2.216025 1
23.640000 2.236476 1
23.650000 2.282062 1
23.660000 2.298699 1
23.670000 2.188142 1
23.680000 2.318184 1
23.690000 2.072962 1
23.700000 2.326739 1
23.710000 2.246367 1
23.720000 2.305640 1
23.730000 2.222024 1
23.740000 2.508949 1
23.750000 2.189657 1
23.760000 2.234024 1
23.770000 2.417323 1
23.780000 2.210650 1
23.790000 2.451256 1
23.800000 2.339997 1
23.810000 2.185466 1
23.820000 2.347669 1
23.830000 2.397444 1
23.840000 2.321012 1
23.850000 2.277248 1
23.860000 2.398224 1
23.870000 2.191453 1
23.880000 2.340809 1
23.890000 2.247565 1
23.900000 2.384303 1
23.910000 2.127360 1
23.920000 2.390638 1
23.930000 2.236208 1
23.940000 2.513815 1
23.950000 2.371174 1
23.960000 2.362627 1
23.970000 2.571247 1
23.980000 2.320290 1
23.990000 2.360122 1
24.000000 2.358518 1
24.010000 2.437297 1
24.020000 2.387977 1
24.030000 2.260274 1
24.040000 2.343967 1
24.050000 2.146037 1
24.060000 2.392827 1
24.070000 2.368845 1
24.080000 2.236300 1
24.090000 2.557238 1
24.100000 2.493599 1
24.110000 2.246345 1
24.120000 2.209530 1
24.130000 2.279762 1
24.140000 2.537609 1
24.150000 2.196331 1
24.160000 2.400371 1
24.170000 2.299314 1
24.180000 2.307521 1
24.190000 2.356722 1
24.200000 2.584209 1
24.210000 2.448536 1
24.220000 2.413642 1
24.230000 2.319919 1
24.240000 2.290445 1
24.250000 2.294529 1
24.260000 2.329149 1
24.270000 2.236195 1
24.280000 2.141897 1
24.290000 2.270410 1
24.300000 2.217421 1
24.310000 2.351751 1
24.320000 2.427892 1
24.330000 2.427977 1
24.340000 2.250838 1
24.350000 2.241062 1
24.360000 2.383188 1
24.370000 2.366149 1
24.380000 2.351278 1
24.390000 2.358631 1
24.400000 2.303894 1
24.410000 2.368326 1
24.420000 2.236593 1
24.430000 2.253228 1
24.440000 2.440101 1
24.450000 2.304210 1
24.460000 2.375216 1
24.470000 2.393760 1
24.480000 2.519461 1
24.490000 2.449414 1
24.500000 2.474911 1
24.510000 2.280653 1
24.520000 2.429229 1
24.530000 2.347934 1
24.540000 2.322037 1
24.550000 2.573137 1
24.560000 2.557948 1
24.570000 2.444062 1
24.580000 2.444941 1
24.590000 2.420110 1
24.600000 2.367079 1
24.610000 2.361835 1
24.620000 2.425210 1
24.630000 2.189947 1
24.640000 2.336722 1
24.650000 2.423009 1
24.660000 2.230096 1
24.670000 2.284874 1
24.680000 2.386971 1
24.690000 2.246948 1
24.700000 2.319671 1
24.710000 2.337385 1
24.720000 2.396495 1
24.730000 2.397631 1
24.740000 2.350055 1
24.750000 2.356504 1
24.760000 2.397456 1
24.770000 2.384136 1
24.780000 2.610021 1
24.790000 2.301519 1
24.800000 2.334161 1
24.810000 2.370341 1
24.820000 2.253388 1
24.830000 2.385819 1
24.840000 2.504755 1
24.850000 2.467724 1
24.860000 2.395494 1
24.870000 2.335490 1
24.880000 2.353186 1
24.890000 2.333687 1
24.900000 2.222926 1
24.910000 2.357391 1
24.920000 2.345255 1
24.930000 2.504626 1
24.940000 2.300756 1
24.950000 2.336126 1
24.960000 2.204764 1
24.970000 2.332436 1
24.980000 2.204109 1
24.990000 2.465013 1
25.000000 2.380061 1
4.000000 6.053145 2
4.010000 6.041933 2
4.020000 5.966426 2
4.030000 6.164113 2
4.040000 5.975215 2
4.050000 6.086043 2
4.060000 5.951521 2
4.070000 6.075283 2
4.080000 6.175122 2
4.090000 6.113494 2
4.100000 6.242811 2
4.110000 6.220482 2
4.120000 6.162774 2
4.130000 6.330974 2
4.140000 6.238573 2
4.150000 6.111821 2
4.160000 6.285749 2
4.170000 6.059232 2
4.180000 6.159235 2
4.190000 6.150114 2
4.200000 6.106377 2
4.210000 6.363908 2
4.220000 6.263802 2
4.230000 6.216075 2
4.240000 6.383313 2
4.250000 6.336546 2
4.260000 6.341601 2
4.270000 6.384228 2
4.280000 6.442935 2
4.290000 6.428169 2
4.300000 6.437505 2
4.310000 6.508402 2
4.320000 6.487978 2
4.330000 6.681301 2
4.340000 6.520555 2
4.350000 6.266288 2
4.360000 6.397762 2
4.370000 6.465338 2
4.380000 6.481245 2
4.390000 6.509795 2
4.400000 6.676355 2
4.410000 6.523372 2
4.420000 6.722210 2
4.430000 6.492775 2
4.440000 6.586961 2
4.450000 6.653338 2
4.460000 6.730571 2
4.470000 6.625564 2
4.480000 6.766828 2
4.490000 6.688706 2
4.500000 6.655532 2
4.510000 6.709875 2
4.520000 6.862315 2
4.530000 6.804304 2
4.540000 6.790434 2
4.550000 6.946898 2
4.560000 6.821891 2
4.570000 6.921658 2
4.580000 6.725857 2
4.590000 6.820068 2
4.600000 6.947392 2
4.610000 6.742595 2
4.620000 6.938268 2
4.630000 6.827160 2
4.640000 7.016099 2
4.650000 6.818762 2
4.660000 7.159618 2
4.670000 6.979636 2
4.680000 6.982180 2
4.690000 7.043379 2
4.700000 7.053241 2
4.710000 7.099027 2
4.720000 6.965079 2
4.730000 7.179051 2
4.740000 7.017902 2
4.750000 6.987332 2
4.760000 7.030082 2
4.770000 7.052264 2
4.780000 7.012574 2
4.790000 6.929524 2
4.800000 7.293683 2
4.810000 7.067722 2
4.820000 7.234987 2
4.830000 7.241453 2
4.840000 7.258882 2
4.850000 7.121057 2
4.860000 7.186187 2
4.870000 7.079716 2
4.880000 7.252796 2
4.890000 7.385615 2
4.900000 7.502081 2
4.910000 7.389496 2
4.920000 7.487833 2
4.930000 7.494756 2
4.940000 7.496661 2
4.950000 7.319117 2
4.960000 7.435718 2
4.970000 7.583556 2
4.980000 7.435226 2
4.990000 7.554406 2
5.000000 7.441064 2
5.010000 7.527754 2
5.020000 7.523477 2
5.030000 7.401391 2
5.040000 7.401922 2
5.050000 7.604348 2
5.060000 7.370570 2
5.070000 7.588783 2
5.080000 7.606419 2
5.090000 7.728618 2
5.100000 7.545423 2
5.110000 7.613421 2
5.120000 7.537977 2
5.130000 7.726380 2
5.140000 7.784968 2
5.150000 7.627492 2
5.160000 7.771754 2
5.170000 7.876710 2
5.180000 7.673138 2
5.190000 7.753285 2
5.200000 7.637575 2
5.210000 7.708081 2
5.220000 7.801281 2
5.230000 7.733967 2
5.240000 7.639855 2
5.250000 7.944944 2
5.260000 7.881258 2
5.270000 8.088149 2
5.280000 7.890029 2
5.290000 7.958512 2
5.300000 7.917832 2
5.310000 7.939783 2
5.320000 7.948810 2
5.330000 7.855018 2
5.340000 7.978301 2
5.350000 7.970615 2
5.360000 8.061333 2
5.370000 8.122924 2
5.380000 7.902641 2
5.390000 7.987075 2
5.400000 8.098866 2
5.410000 7.933882 2
5.420000 8.150925 2
5.430000 7.991296 2
5.440000 8.261724 2
5.450000 8.187791 2
5.460000 7.930615 2
5.470000 8.084310 2
5.480000 8.137576 2
5.490000 8.307296 2
5.500000 8.411885 2
5.510000 8.095375 2
5.520000 8.133384 2
5.530000 8.276191 2
5.540000 8.142725 2
5.550000 8.253268 2
5.560000 8.171205 2
5.570000 8.234610 2
5.580000 8.310912 2
5.590000 8.066827 2
5.600000 8.424120 2
5.610000 8.326723 2
5.620000 8.498377 2
5.630000 8.425673 2
5.640000 8.360923 2
5.650000 8.674153 2
5.660000 8.490675 2
5.670000 8.475900 2
5.680000 8.594515 2
5.690000 8.396017 2
5.700000 8.507588 2
5.710000 8.513326 2
5.720000 8.532782 2
5.730000 8.311768 2
5.740000 8.666310 2
5.750000 8.684499 2
5.760000 8.593870 2
5.770000 8.537474 2
5.780000 8.494969 2
5.790000 8.802953 2
5.800000 8.649508 2
5.810000 8.705459 2
5.820000 8.574134 2
5.830000 8.681226 2
5.840000 8.707777 2
5.850000 8.490047 2
5.860000 8.742668 2
5.870000 8.614901 2
5.880000 8.719046 2
5.890000 8.841453 2
5.900000 8.818745 2
5.910000 8.797921 2
5.920000 8.866121 2
5.930000 8.935199 2
5.940000 8.834997 2
5.950000 8.838680 2
5.960000 8.846082 2
5.970000 8.939676 2
5.980000 8.840282 2
5.990000 9.028992 2
6.000000 8.764736 2
6.010000 9.196348 2
6.020000 9.062021 2
6.030000 9.029335 2
6.040000 8.939058 2
6.050000 9.046706 2
6.060000 9.077709 2
6.070000 9.067099 2
6.080000 9.245915 2
6.090000 9.200508 2
6.100000 9.031710 2
6.110000 9.154110 2
6.120000 9.076398 2
6.130000 9.231519 2
6.140000 9.241651 2
6.150000 9.329881 2
6.160000 9.159214 2
6.170000 9.175509 2
6.180000 9.307074 2
6.190000 9.235022 2
6.200000 9.224495 2
6.210000 9.393340 2
6.220000 9.279046 2
6.230000 9.199213 2
6.240000 9.354792 2
6.250000 9.325014 2
6.260000 9.536994 2
6.270000 9.442162 2
6.280000 9.381457 2
6.290000 9.284656 2
6.300000 9.470506 2
6.310000 9.234478 2
6.320000 9.449440 2
6.330000 9.586152 2
6.340000 9.611189 2
6.350000 9.346016 2
6.360000 9.617232 2
6.370000 9.382102 2
6.380000 9.555527 2
6.390000 9.506557 2
6.400000 9.606672 2
6.410000 9.513076 2
6.420000 9.491118 2
6.430000 9.593818 2
6.440000 9.622210 2
6.450000 9.369224 2
6.460000 9.695375 2
6.470000 9.668305 2
6.480000 9.760867 2
6.490000 9.866657 2
6.500000 9.660837 2
6.510000 9.719691 2
6.520000 9.607048 2
6.530000 9.731264 2
6.540000 9.720975 2
6.550000 9.865085 2
6.560000 9.840965 2
6.570000 9.724953 2
6.580000 9.836914 2
6.590000 9.815440 2
6.600000 9.766729 2
6.610000 9.762707 2
6.620000 9.797206 2
6.630000 9.931371 2
6.640000 9.969946 2
6.650000 9.866592 2
6.660000 10.002126 2
6.670000 9.935168 2
6.680000 10.040189 2
6.690000 9.901536 2
6.700000 10.033977 2
6.710000 10.086897 2
6.720000 9.994306 2
6.730000 10.021229 2
6.740000 9.933407 2
6.750000 10.147314 2
6.760000 10.056035 2
6.770000 10.020723 2
6.780000 10.086501 2
6.790000 10.083242 2
6.800000 10.053906 2
6.810000 10.307254 2
6.820000 10.214728 2
6.830000 10.189244 2
6.840000 10.222131 2
6.850000 10.267585 2
6.860000 10.130643 2
6.870000 10.247704 2
6.880000 10.192150 2
6.890000 10.171218 2
6.900000 10.149856 2
6.910000 10.305919 2
6.920000 10.197255 2
6.930000 10.427766 2
6.940000 10.408426 2
6.950000 10.295399 2
6.960000 10.481204 2
6.970000 10.264483 2
6.980000 10.482057 2
6.990000 10.374500 2
7.000000 10.326868 2
7.010000 10.449130 2
7.020000 10.687653 2
7.030000 10.575513 2
7.040000 10.519854 2
7.050000 10.491281 2
7.060000 10.532799 2
7.070000 10.709780 2
7.080000 10.610186 2
7.090000 10.545923 2
7.100000 10.502572 2
7.110000 10.674108 2
7.120000 10.650098 2
7.130000 10.682209 2
7.140000 10.868852 2
7.150000 10.720581 2
7.160000 10.503326 2
7.170000 10.595634 2
7.180000 10.763915 2
7.190000 10.659214 2
7.200000 10.830691 2
7.210000 10.848455 2
7.220000 10.928693 2
7.230000 10.826504 2
7.240000 10.860677 2
7.250000 10.799617 2
7.260000 10.761352 2
7.270000 10.900250 2
7.280000 10.994388 2
7.290000 10.842186 2
7.300000 10.821582 2
7.310000 10.902588 2
7.320000 10.829652 2
7.330000 10.879571 2
7.340000 11.176771 2
7.350000 10.902046 2
7.360000 10.967955 2
7.370000 11.024214 2
7.380000 10.856336 2
7.390000 11.083156 2
7.400000 11.147833 2
7.410000 10.914974 2
7.420000 10.976417 2
7.430000 11.002229 2
7.440000 10.967188 2
7.450000 11.152805 2
7.460000 11.133671 2
7.470000 11.154232 2
7.480000 11.291054 2
7.490000 11.207815 2
7.500000 10.982665 2
7.510000 11.208091 2
7.520000 11.034725 2
7.530000 11.159169 2
7.540000 11.309365 2
7.550000 11.384172 2
7.560000 11.126770 2
7.570000 11.316162 2
7.580000 11.421682 2
7.590000 11.297141 2
7.600000 11.376329 2
7.610000 11.327728 2
7.620000 11.325097 2
7.630000 11.526230 2
7.640000 11.356522 2
7.650000 11.287184 2
7.660000 11.485575 2
7.670000 11.448224 2
7.680000 11.487558 2
7.690000 11.474611 2
7.700000 11.420302 2
7.710000 11.583332 2
7.720000 11.499180 2
7.730000 11.438006 2
7.740000 11.427609 2
7.750000 11.617488 2
7.760000 11.647058 2
7.770000 11.591958 2
7.780000 11.536029 2
7.790000 11.542164 2
7.800000 11.558394 2
7.810000 11.702144 2
7.820000 11.617361 2
7.830000 11.710909 2
7.840000 11.737827 2
7.850000 11.666449 2
7.860000 11.678114 2
7.870000 11.692904 2
7.880000 11.602714 2
7.890000 11.840934 2
7.900000 11.782070 2
7.910000 11.773042 2
7.920000 11.813413 2
7.930000 11.932264 2
7.940000 11.729154 2
7.950000 11.992757 2
7.960000 11.825806 2
7.970000 12.027125 2
7.980000 11.833899 2
7.990000 11.935845 2
8.000000 11.975738 2
8.010000 11.939847 2
8.020000 12.008398 2
8.030000 12.011025 2
8.040000 11.928369 2
8.050000 12.064434 2
8.060000 12.032584 2
8.070000 12.173972 2
8.080000 11.948189 2
8.090000 12.131151 2
8.100000 11.970887 2
8.110000 12.030067 2
8.120000 11.988890 2
8.130000 12.216387 2
8.140000 12.106650 2
8.150000 12.152788 2
8.160000 12.274573 2
8.170000 12.137917 2
8.180000 12.149828 2
8.190000 12.437269 2
8.200000 12.332916 2
8.210000 12.439268 2
8.220000 12.216322 2
8.230000 12.232488 2
8.240000 12.326233 2
8.250000 12.145647 2
8.260000 12.322609 2
8.270000 12.195969 2
8.280000 12.450425 2
8.290000 12.453877 2
8.300000 12.308565 2
8.310000 12.311176 2
8.320000 12.378996 2
8.330000 12.526483 2
8.340000 12.448867 2
8.350000 12.419021 2
8.360000 12.403007 2
8.370000 12.473145 2
8.380000 12.605823 2
8.390000 12.573392 2
8.400000 12.515119 2
8.410000 12.573666 2
8.420000 12.546872 2
8.430000 12.603310 2
8.440000 12.777054 2
8.450000 12.699816 2
8.460000 12.667243 2
8.470000 12.630725 2
8.480000 12.599191 2
8.490000 12.612633 2
8.500000 12.602985 2
8.510000 12.477012 2
8.520000 12.461970 2
8.530000 12.835682 2
8.540000 12.934809 2
8.550000 12.735661 2
8.560000 12.731336 2
8.570000 12.863163 2
8.580000 12.719377 2
8.590000 12.830843 2
8.600000 13.010815 2
8.610000 12.941494 2
8.620000 12.768483 2
8.630000 12.906980 2
8.640000 12.883754 2
8.650000 12.977719 2
8.660000 12.845452 2
8.670000 13.003876 2
8.680000 12.794995 2
8.690000 12.808621 2
8.700000 12.995909 2
8.710000 12.988022 2
8.720000 13.005675 2
8.730000 12.940407 2
8.740000 12.877265 2
8.750000 13.036128 2
8.760000 13.121188 2
8.770000 13.154049 2
8.780000 13.169023 2
8.790000 13.041218 2
8.800000 13.356444 2
8.810000 13.035275 2
8.820000 13.282377 2
8.830000 13.172922 2
8.840000 12.980660 2
8.850000 13.230165 2
8.860000 12.881753 2
8.870000 13.412597 2
8.880000 13.246323 2
8.890000 13.078748 2
8.900000 13.121466 2
8.910000 13.396470 2
8.920000 13.260504 2
8.930000 13.450616 2
8.940000 13.302379 2
8.950000 13.358024 2
8.960000 13.446265 2
8.970000 13.331292 2
8.980000 13.374065 2
8.990000 13.358105 2
9.000000 13.468497 2
9.010000 13.411437 2
9.020000 13.394723 2
9.030000 13.336697 2
9.040000 13.501285 2
9.050000 13.682474 2
9.060000 13.581121 2
9.070000 13.685595 2
9.080000 13.477532 2
9.090000 13.587642 2
9.100000 13.632626 2
9.110000 13.536953 2
9.120000 13.500470 2
9.130000 13.720729 2
9.140000 13.643147 2
9.150000 13.764520 2
9.160000 13.569370 2
9.170000 13.533583 2
9.180000 13.526595 2
9.190000 13.463330 2
9.200000 13.874700 2
9.210000 13.757178 2
9.220000 13.698723 2
9.230000 13.753305 2
9.240000 13.784125 2
9.250000 13.666503 2
9.260000 13.759670 2
9.270000 13.792283 2
9.280000 13.674280 2
9.290000 13.788775 2
9.300000 14.133845 2
9.310000 13.782948 2
9.320000 13.991166 2
9.330000 13.832282 2
9.340000 13.960071 2
9.350000 13.875540 2
9.360000 13.998641 2
9.370000 13.863616 2
9.380000 14.058463 2
9.390000 14.018434 2
9.400000 14.023143 2
9.410000 14.131492 2
9.420000 14.077278 2
9.430000 13.972468 2
9.440000 14.129659 2
9.450000 14.140734 2
9.460000 14.179192 2
9.470000 14.114735 2
9.480000 14.091729 2
9.490000 14.190606 2
9.500000 13.989204 2
9.510000 14.290750 2
9.520000 14.131781 2
9.530000 14.233839 2
9.540000 14.301285 2
9.550000 14.289966 2
9.560000 14.298115 2
9.570000 14.197976 2
9.580000 14.298624 2
9.590000 14.217948 2
9.600000 14.336559 2
9.610000 14.306713 2
9.620000 14.277502 2
9.630000 14.400341 2
9.640000 14.302877 2
9.650000 14.322487 2
9.660000 14.457808 2
9.670000 14.549451 2
9.680000 14.356620 2
9.690000 14.422459 2
9.700000 14.433589 2
9.710000 14.504822 2
9.720000 14.558069 2
9.730000 14.482692 2
9.740000 14.352479 2
9.750000 14.458855 2
9.760000 14.582681 2
9.770000 14.551920 2
9.780000 14.504870 2
9.790000 14.764548 2
9.800000 14.491645 2
9.810000 14.506001 2
9.820000 14.585333 2
9.830000 14.599492 2
9.840000 14.674337 2
9.850000 14.792795 2
9.860000 14.596456 2
9.870000 14.686717 2
9.880000 14.785778 2
9.890000 14.842622 2
9.900000 14.814397 2
9.910000 14.731617 2
9.920000 14.934343 2
9.930000 14.707134 2
9.940000 14.681266 2
9.950000 14.788467 2
9.960000 14.745467 2
9.970000 14.818913 2
9.980000 14.776187 2
9.990000 15.018381 2
10.000000 14.782957 2
10.010000 14.778871 2
10.020000 14.867353 2
10.030000 14.951360 2
10.040000 15.206272 2
10.050000 15.126468 2
10.060000 14.827657 2
10.070000 14.946797 2
10.080000 15.013417 2
10.090000 15.154114 2
10.100000 14.983412 2
10.110000 14.964640 2
10.120000 15.000224 2
10.130000 15.172376 2
10.140000 15.007109 2
10.150000 15.057019 2
10.160000 15.114341 2
10.170000 15.103010 2
10.180000 15.212285 2
10.190000 15.060217 2
10.200000 15.159164 2
10.210000 15.129417 2
10.220000 15.162935 2
10.230000 15.236065 2
10.240000 15.225294 2
10.250000 15.380747 2
10.260000 15.301836 2
10.270000 15.312725 2
10.280000 15.407285 2
10.290000 15.260256 2
10.300000 15.264420 2
10.310000 15.143337 2
10.320000 15.264423 2
10.330000 15.251833 2
10.340000 15.491919 2
10.350000 15.451589 2
10.360000 15.429051 2
10.370000 15.364915 2
10.380000 15.422948 2
10.390000 15.497289 2
10.400000 15.529864 2
10.410000 15.342988 2
10.420000 15.446078 2
10.430000 15.461794 2
10.440000 15.442734 2
10.450000 15.545876 2
10.460000 15.637376 2
10.470000 15.584505 2
10.480000 15.439570 2
10.490000 15.612282 2
10.500000 15.565834 2
10.510000 15.810437 2
10.520000 15.722911 2
10.530000 15.586502 2
10.540000 15.551229 2
10.550000 15.699102 2
10.560000 15.751899 2
10.570000 15.644613 2
10.580000 15.875728 2
10.590000 15.788876 2
10.600000 15.758019 2
10.610000 15.965709 2
10.620000 15.815274 2
10.630000 15.808772 2
10.640000 15.862918 2
10.650000 15.821796 2
10.660000 15.884391 2
10.670000 15.820366 2
10.680000 15.794158 2
10.690000 15.964094 2
10.700000 15.985685 2
10.710000 15.876381 2
10.720000 16.191504 2
10.730000 15.878990 2
10.740000 16.058740 2
10.750000 16.090198 2
10.760000 16.136856 2
10.770000 15.915385 2
10.780000 16.078706 2
10.790000 16.000889 2
10.800000 16.023035 2
10.810000 16.109894 2
10.820000 16.161688 2
10.830000 16.292351 2
10.840000 16.303870 2
10.850000 16.159641 2
10.860000 16.187206 2
10.870000 16.199963 2
10.880000 16.229180 2
10.890000 16.260888 2
10.900000 16.290083 2
10.910000 16.284085 2
10.920000 16.310875 2
10.930000 16.349176 2
10.940000 16.268182 2
10.950000 16.319504 2
10.960000 16.201692 2
10.970000 16.267670 2
10.980000 16.254713 2
10.990000 16.297315 2
11.000000 16.274843 2
11.010000 16.462113 2
11.020000 16.435344 2
11.030000 16.493324 2
11.040000 16.423623 2
11.050000 16.425485 2
11.060000 16.355890 2
11.070000 16.502297 2
11.080000 16.542729 2
11.090000 16.483011 2
11.100000 16.547118 2
11.110000 16.514350 2
11.120000 16.414817 2
11.130000 16.579340 2
11.140000 16.663364 2
11.150000 16.542731 2
11.160000 16.777151 2
11.170000 16.686393 2
11.180000 16.578285 2
11.190000 16.580558 2
11.200000 16.767339 2
11.210000 16.787175 2
11.220000 16.667357 2
11.230000 16.895517 2
11.240000 16.777490 2
11.250000 16.845364 2
11.260000 16.811602 2
11.270000 16.774341 2
11.280000 16.874405 2
11.290000 17.029607 2
11.300000 16.871383 2
11.310000 16.935730 2
11.320000 16.883316 2
11.330000 16.769833 2
11.340000 17.000362 2
11.350000 16.874405 2
11.360000 16.917655 2
11.370000 16.887578 2
11.380000 17.036819 2
11.390000 17.011300 2
11.400000 16.713514 2
11.410000 17.228253 2
11.420000 16.961404 2
11.430000 16.867808 2
11.440000 17.061835 2
11.450000 17.112932 2
11.460000 16.973705 2
11.470000 17.032078 2
11.480000 17.035683 2
11.490000 17.025858 2
11.500000 17.214375 2
11.510000 17.268562 2
11.520000 17.337906 2
11.530000 17.088623 2
11.540000 17.109364 2
11.550000 17.162914 2
11.560000 17.272046 2
11.570000 17.185073 2
11.580000 17.132221 2
11.590000 17.456149 2
11.600000 17.342127 2
11.610000 17.323755 2
11.620000 17.568049 2
11.630000 17.323077 2
11.640000 17.308655 2
11.650000 17.236980 2
11.660000 17.596179 2
11.670000 17.472151 2
11.680000 17.349027 2
11.690000 17.256967 2
11.700000 17.419072 2
11.710000 17.340563 2
11.720000 17.439255 2
11.730000 17.563833 2
11.740000 17.607962 2
11.750000 17.429051 2
11.760000 17.471050 2
11.770000 17.362308 2
11.780000 17.545349 2
11.790000 17.486471 2
11.800000 17.635057 2
11.810000 17.577789 2
11.820000 17.662744 2
11.830000 17.516577 2
11.840000 17.514916 2
11.850000 17.600172 2
11.860000 17.702710 2
11.870000 17.821719 2
11.880000 17.615528 2
11.890000 17.706332 2
11.900000 17.758826 2
11.910000 17.825402 2
11.920000 17.787258 2
11.930000 17.845217 2
11.940000 17.726195 2
11.950000 17.659066 2
11.960000 17.973399 2
11.970000 17.890445 2
11.980000 17.626210 2
11.990000 17.778716 2
12.000000 17.887505 2
12.010000 17.941858 2
12.020000 18.077778 2
12.030000 17.904861 2
12.040000 17.911782 2
12.050000 17.939808 2
12.060000 18.023045 2
12.070000 17.970334 2
12.080000 18.006696 2
12.090000 18.000991 2
12.100000 18.264525 2
12.110000 18.033657 2
12.120000 17.963362 2
12.130000 18.139681 2
12.140000 18.188961 2
12.150000 18.224613 2
12.160000 18.188136 2
12.170000 18.058931 2
12.180000 18.081190 2
12.190000 18.087594 2
12.200000 18.196702 2
12.210000 18.139276 2
12.220000 18.077366 2
12.230000 18.195348 2
12.240000 18.405722 2
12.250000 18.206351 2
12.260000 18.190581 2
12.270000 18.306154 2
12.280000 18.216681 2
12.290000 18.144799 2
12.300000 18.354234 2
12.310000 18.442337 2
12.320000 18.230239 2
12.330000 18.575241 2
12.340000 18.342369 2
12.350000 18.299998 2
12.360000 18.438242 2
12.370000 18.347761 2
12.380000 18.415087 2
12.390000 18.354365 2
12.400000 18.676079 2
12.410000 18.482960 2
12.420000 18.638296 2
12.430000 18.287067 2
12.440000 18.442279 2
12.450000 18.532214 2
12.460000 18.463817 2
12.470000 18.541171 2
12.480000 18.779302 2
12.490000 18.757056 2
12.500000 18.479548 2
12.510000 18.581506 2
12.520000 18.618346 2
12.530000 18.370538 2
12.540000 18.642964 2
12.550000 18.633753 2
12.560000 18.663561 2
12.570000 18.638016 2
12.580000 18.791596 2
12.590000 18.744229 2
12.600000 18.768931 2
12.610000 18.685926 2
12.620000 18.845157 2
12.630000 18.950564 2
12.640000 18.883809 2
12.650000 18.870094 2
12.660000 18.755364 2
12.670000 18.942047 2
12.680000 18.884072 2
12.690000 18.760904 2
12.700000 18.948801 2
12.710000 18.791154 2
12.720000 19.017246 2
12.730000 19.041394 2
12.740000 19.021041 2
12.750000 19.070430 2
12.760000 18.862255 2
12.770000 19.099875 2
12.780000 18.971696 2
12.790000 19.029619 2
12.800000 18.971275 2
12.810000 19.051364 2
12.820000 19.168807 2
12.830000 19.189383 2
12.840000 19.182270 2
12.850000 19.060988 2
12.860000 19.302714 2
12.870000 19.326312 2
12.880000 19.019522 2
12.890000 19.124131 2
12.900000 19.222294 2
12.910000 19.126174 2
12.920000 19.143221 2
12.930000 19.196488 2
12.940000 19.193836 2
12.950000 19.322482 2
12.960000 19.399242 2
12.970000 19.145320 2
12.980000 19.230317 2
12.990000 19.077455 2
13.000000 19.517901 2
13.010000 19.417030 2
13.020000 19.498678 2
13.030000 19.390308 2
13.040000 19.320775 2
13.050000 19.624572 2
13.060000 19.307773 2
13.070000 19.252754 2
13.080000 19.647790 2
13.090000 19.425105 2
13.100000 19.602749 2
13.110000 19.601286 2
13.120000 19.512100 2
13.130000 19.358701 2
13.140000 19.427214 2
13.150000 19.573354 2
13.160000 19.538484 2
13.170000 19.645430 2
13.180000 19.633825 2
13.190000 19.507661 2
13.200000 19.518751 2
13.210000 19.618981 2
13.220000 19.537001 2
13.230000 19.610306 2
13.240000 19.644327 2
13.250000 19.828256 2
13.260000 19.750953 2
13.270000 19.835311 2
13.280000 19.730141 2
13.290000 19.831937 2
13.300000 19.577973 2
13.310000 19.834331 2
13.320000 19.881935 2
13.330000 19.892369 2
13.340000 19.816419 2
13.350000 19.972210 2
13.360000 20.021831 2
13.370000 19.920751 2
13.380000 19.892656 2
13.390000 19.945219 2
13.400000 19.822827 2
13.410000 20.061023 2
13.420000 20.110133 2
13.430000 20.187357 2
13.440000 19.786180 2
13.450000 19.957180 2
13.460000 19.947679 2
13.470000 20.043092 2
13.480000 20.029312 2
13.490000 19.967289 2
13.500000 20.227510 2
13.510000 20.182659 2
13.520000 20.040830 2
13.530000 20.151804 2
13.540000 20.021780 2
13.550000 20.103163 2
13.560000 20.153071 2
13.570000 20.187115 2
13.580000 20.169468 2
13.590000 20.287800 2
13.600000 20.035978 2
13.610000 20.240090 2
13.620000 20.273539 2
13.630000 20.245763 2
13.640000 20.352392 2
13.650000 20.245373 2
13.660000 20.501302 2
13.670000 20.376869 2
13.680000 20.477901 2
13.690000 20.328476 2
13.700000 20.453268 2
13.710000 20.427205 2
13.720000 20.367557 2
13.730000 20.423196 2
13.740000 20.584220 2
13.750000 20.607231 2
13.760000 20.485812 2
13.770000 20.462978 2
13.780000 20.492992 2
13.790000 20.546351 2
13.800000 20.383109 2
13.810000 20.613576 2
13.820000 20.628042 2
13.830000 20.555984 2
13.840000 20.733410 2
13.850000 20.662147 2
13.860000 20.641294 2
13.870000 20.769241 2
13.880000 20.718661 2
13.890000 20.768558 2
13.900000 20.666818 2
13.910000 20.763528 2
13.920000 20.537386 2
13.930000 20.823465 2
13.940000 20.776925 2
13.950000 20.610629 2
13.960000 20.814478 2
13.970000 20.965122 2
13.980000 20.900287 2
13.990000 20.655892 2
14.000000 20.681403 2
14.010000 20.816765 2
14.020000 20.830169 2
14.030000 20.647547 2
14.040000 21.009143 2
14.050000 20.784282 2
14.060000 20.920736 2
14.070000 20.899553 2
14.080000 20.991355 2
14.090000 21.011535 2
14.100000 20.958511 2
14.110000 20.956097 2
14.120000 21.093586 2
14.130000 21.098809 2
14.140000 21.098893 2
14.150000 21.128694 2
14.160000 21.107734 2
14.170000 21.095161 2
14.180000 21.058343 2
14.190000 21.031941 2
14.200000 21.250573 2
14.210000 21.088383 2
14.220000 21.110909 2
14.230000 21.224343 2
14.240000 21.065014 2
14.250000 21.491939 2
14.260000 21.133743 2
14.270000 21.242578 2
14.280000 21.367777 2
14.290000 21.342784 2
14.300000 21.276803 2
14.310000 21.439789 2
14.320000 21.327356 2
14.330000 21.342509 2
14.340000 21.206316 2
14.350000 21.458245 2
14.360000 21.342416 2
14.370000 21.468014 2
14.380000 21.290750 2
14.390000 21.491879 2
14.400000 21.459000 2
14.410000 21.552609 2
14.420000 21.530437 2
14.430000 21.488862 2
14.440000 21.560903 2
14.450000 21.616441 2
14.460000 21.523048 2
14.470000 21.583769 2
14.480000 21.601900 2
14.490000 21.637670 2
14.500000 21.668345 2
14.510000 21.424624 2
14.520000 21.636211 2
14.530000 21.571940 2
14.540000 21.534613 2
14.550000 21.530586 2
14.560000 21.827868 2
14.570000 21.827797 2
14.580000 21.702182 2
14.590000 21.777157 2
14.600000 21.598286 2
14.610000 21.616758 2
14.620000 21.702973 2
14.630000 21.528202 2
14.640000 21.845712 2
14.650000 21.904555 2
14.660000 21.711495 2
14.670000 21.855105 2
14.680000 21.873034 2
14.690000 21.685580 2
14.700000 22.007323 2
14.710000 21.887274 2
14.720000 21.841131 2
14.730000 22.072235 2
14.740000 21.779229 2
14.750000 22.059945 2
14.760000 22.057117 2
14.770000 22.037451 2
14.780000 22.087653 2
14.790000 22.013276 2
14.800000 22.113200 2
14.810000 21.893835 2
14.820000 22.108516 2
14.830000 22.046966 2
14.840000 22.108356 2
14.850000 21.983557 2
14.860000 22.231135 2
14.870000 22.297786 2
14.880000 22.004864 2
14.890000 22.053737 2
14.900000 22.220708 2
14.910000 22.141837 2
14.920000 22.313435 2
14.930000 22.322694 2
14.940000 22.364120 2
14.950000 22.089943 2
14.960000 22.345778 2
14.970000 22.281134 2
14.980000 22.268813 2
14.990000 22.215124 2
15.000000 22.495373 2
15.010000 22.350555 2
15.020000 22.344865 2
15.030000 22.373992 2
15.040000 22.352612 2
15.050000 22.356538 2
15.060000 22.531675 2
15.070000 22.324394 2
15.080000 22.521637 2
15.090000 22.182292 2
15.100000 22.502564 2
15.110000 22.477074 2
15.120000 22.526655 2
15.130000 22.602866 2
15.140000 22.730962 2
15.150000 22.587534 2
15.160000 22.609449 2
15.170000 22.452142 2
15.180000 22.459583 2
15.190000 22.615981 2
15.200000 22.773187 2
15.210000 22.803625 2
15.220000 22.816251 2
15.230000 22.782299 2
15.240000 22.544433 2
15.250000 22.748969 2
15.260000 22.704594 2
15.270000 22.763333 2
15.280000 22.802455 2
15.290000 22.708101 2
15.300000 22.697728 2
15.310000 22.964124 2
15.320000 22.843304 2
15.330000 22.717239 2
15.340000 22.785283 2
15.350000 22.778572 2
15.360000 22.922612 2
15.370000 22.776174 2
15.380000 22.949204 2
15.390000 22.731265 2
15.400000 22.985965 2
15.410000 22.736166 2
15.420000 22.892462 2
15.430000 22.997669 2
15.440000 23.205907 2
15.450000 22.912123 2
15.460000 23.104922 2
15.470000 22.960655 2
15.480000 22.964479 2
15.490000 23.118068 2
15.500000 23.010820 2
15.510000 23.150285 2
15.520000 23.180593 2
15.530000 23.256330 2
15.540000 23.203294 2
15.550000 23.151813 2
15.560000 23.157051 2
15.570000 23.089432 2
15.580000 23.141357 2
15.590000 23.281180 2
15.600000 23.421667 2
15.610000 23.304654 2
15.620000 23.342184 2
15.630000 23.238770 2
15.640000 23.224825 2
15.650000 23.300461 2
15.660000 23.166236 2
15.670000 23.304981 2
15.680000 23.338447 2
15.690000 23.213116 2
15.700000 23.275688 2
15.710000 23.529003 2
15.720000 23.522344 2
15.730000 23.343941 2
15.740000 23.499042 2
15.750000 23.313112 2
15.760000 23.394247 2
15.770000 23.479637 2
15.780000 23.460956 2
15.790000 23.562144 2
15.800000 23.434220 2
15.810000 23.641758 2
15.820000 23.547058 2
15.830000 23.343346 2
15.840000 23.717070 2
15.850000 23.441335 2
15.860000 23.594429 2
15.870000 23.711779 2
15.880000 23.648511 2
15.890000 23.693456 2
15.900000 23.540341 2
15.910000 23.791396 2
15.920000 23.750522 2
15.930000 23.986487 2
15.940000 23.722106 2
15.950000 23.632441 2
15.960000 23.666857 2
15.970000 23.722189 2
15.980000 23.840045 2
15.990000 23.878417 2
16.000000 23.885621 2
16.010000 23.745237 2
16.020000 23.996641 2
16.030000 23.893573 2
16.040000 23.922969 2
16.050000 23.878698 2
16.060000 23.902529 2
16.070000 23.938136 2
16.080000 23.886177 2
16.090000 23.897557 2
16.100000 23.924814 2
16.110000 24.041058 2
16.120000 23.976720 2
16.130000 23.924170 2
16.140000 23.966836 2
16.150000 24.020653 2
16.160000 23.930023 2
16.170000 24.065514 2
16.180000 24.136891 2
16.190000 24.138202 2
16.200000 24.184832 2
16.210000 24.240893 2
16.220000 24.351795 2
16.230000 24.151586 2
16.240000 24.171161 2
16.250000 24.298021 2
16.260000 24.112868 2
16.270000 23.917898 2
16.280000 24.154631 2
16.290000 24.078337 2
16.300000 24.180898 2
16.310000 24.194484 2
16.320000 24.463181 2
16.330000 24.522450 2
16.340000 24.334261 2
16.350000 24.457829 2
16.360000 24.250205 2
16.370000 24.390436 2
16.380000 24.327417 2
16.390000 24.501243 2
16.400000 24.455269 2
16.410000 24.349566 2
16.420000 24.574164 2
16.430000 24.415380 2
16.440000 24.527023 2
16.450000 24.606121 2
16.460000 24.484083 2
16.470000 24.397179 2
16.480000 24.622802 2
16.490000 24.530850 2
16.500000 24.531860 2
16.510000 24.578091 2
16.520000 24.575317 2
16.530000 24.491787 2
16.540000 24.583378 2
16.550000 24.653179 2
16.560000 24.576757 2
16.570000 24.740001 2
16.580000 24.716401 2
16.590000 24.734495 2
16.600000 24.721057 2
16.610000 24.572949 2
16.620000 24.743055 2
16.630000 24.795372 2
16.640000 24.816920 2
16.650000 24.897412 2
16.660000 24.764508 2
16.670000 24.901714 2
16.680000 24.721715 2
16.690000 24.771935 2
16.700000 24.651783 2
16.710000 24.867624 2
16.720000 24.837290 2
16.730000 24.959655 2
16.740000 24.852500 2
16.750000 24.942440 2
16.760000 24.716877 2
16.770000 24.998161 2
16.780000 24.792738 2
16.790000 25.062009 2
16.800000 24.917780 2
16.810000 25.021470 2
16.820000 25.104842 2
16.830000 25.224926 2
16.840000 25.066281 2
16.850000 25.183850 2
16.860000 25.183147 2
16.870000 25.254327 2
16.880000 25.006316 2
16.890000 25.300168 2
16.900000 25.094433 2
16.910000 25.212899 2
16.920000 25.209486 2
16.930000 25.239289 2
16.940000 25.124402 2
16.950000 25.215730 2
16.960000 25.462642 2
16.970000 25.214935 2
16.980000 25.348635 2
16.990000 25.225089 2
17.000000 25.423042 2
17.010000 25.296053 2
17.020000 25.344074 2
17.030000 25.469723 2
17.040000 25.495333 2
17.050000 25.435319 2
17.060000 25.528717 2
17.070000 25.281488 2
17.080000 25.477340 2
17.090000 25.528389 2
17.100000 25.657355 2
17.110000 25.414316 2
17.120000 25.390381 2
17.130000 25.488512 2
17.140000 25.512398 2
17.150000 25.399129 2
17.160000 25.557356 2
17.170000 25.279089 2
17.180000 25.503727 2
17.190000 25.669068 2
17.200000 25.716238 2
17.210000 25.378651 2
17.220000 25.654616 2
17.230000 25.686013 2
17.240000 25.743906 2
17.250000 25.789922 2
17.260000 25.778348 2
17.270000 25.815022 2
17.280000 25.561677 2
17.290000 25.744597 2
17.300000 25.668166 2
17.310000 25.822835 2
17.320000 25.788693 2
17.330000 25.801852 2
17.340000 25.824871 2
17.350000 25.857750 2
17.360000 25.698905 2
17.370000 25.868484 2
17.380000 25.805418 2
17.390000 25.856619 2
17.400000 25.900556 2
17.410000 25.932735 2
17.420000 25.832772 2
17.430000 25.731377 2
17.440000 26.070978 2
17.450000 26.125000 2
17.460000 25.875241 2
17.470000 26.017761 2
17.480000 25.991156 2
17.490000 26.120840 2
17.500000 25.840311 2
17.510000 26.020058 2
17.520000 26.185940 2
17.530000 26.082106 2
17.540000 26.102206 2
17.550000 26.158296 2
17.560000 26.131040 2
17.570000 26.138401 2
17.580000 26.188357 2
17.590000 26.406389 2
17.600000 26.239304 2
17.610000 26.382627 2
17.620000 26.296798 2
17.630000 26.249264 2
17.640000 26.285886 2
17.650000 26.277122 2
17.660000 26.265061 2
17.670000 26.329243 2
17.680000 26.272036 2
17.690000 26.323349 2
17.700000 26.555148 2
17.710000 26.322330 2
17.720000 26.240996 2
17.730000 26.408518 2
17.740000 26.478095 2
17.750000 26.313706 2
17.760000 26.391424 2
17.770000 26.379726 2
17.780000 26.423225 2
17.790000 26.422656 2
17.800000 26.596945 2
17.810000 26.393687 2
17.820000 26.417392 2
17.830000 26.411867 2
17.840000 26.563041 2
17.850000 26.642377 2
17.860000 26.482627 2
17.870000 26.693097 2
17.880000 26.688170 2
17.890000 26.645147 2
17.900000 26.908270 2
17.910000 26.617591 2
17.920000 26.553726 2
17.930000 26.800006 2
17.940000 26.403843 2
17.950000 26.840453 2
17.960000 26.973993 2
17.970000 26.846520 2
17.980000 26.867075 2
17.990000 26.798392 2
18.000000 26.724183 2
18.010000 26.820400 2
18.020000 26.998994 2
18.030000 26.778951 2
18.040000 26.772939 2
18.050000 26.848844 2
18.060000 26.894121 2
18.070000 26.834976 2
18.080000 26.882211 2
18.090000 27.124446 2
18.100000 26.773999 2
18.110000 26.947112 2
18.120000 27.030827 2
18.130000 26.896557 2
18.140000 26.916898 2
18.150000 26.943316 2
18.160000 26.974122 2
18.170000 26.904000 2
18.180000 26.956652 2
18.190000 27.149032 2
18.200000 27.051565 2
18.210000 27.048241 2
18.220000 26.927280 2
18.230000 27.248680 2
18.240000 27.086400 2
18.250000 27.219267 2
18.260000 27.163521 2
18.270000 27.140901 2
18.280000 27.253975 2
18.290000 27.238576 2
18.300000 27.271041 2
18.310000 27.235636 2
18.320000 27.233530 2
18.330000 27.177599 2
18.340000 27.149761 2
18.350000 27.160309 2
18.360000 27.215567 2
18.370000 27.400407 2
18.380000 27.495536 2
18.390000 27.287494 2
18.400000 27.212370 2
18.410000 27.494539 2
18.420000 27.418128 2
18.430000 27.380284 2
18.440000 27.496990 2
18.450000 27.419174 2
18.460000 27.450587 2
18.470000 27.349325 2
18.480000 27.502816 2
18.490000 27.504398 2
18.500000 27.399282 2
18.510000 27.568052 2
18.520000 27.502618 2
18.530000 27.507477 2
18.540000 27.528652 2
18.550000 27.578666 2
18.560000 27.605585 2
18.570000 27.721790 2
18.580000 27.532168 2
18.590000 27.748964 2
18.600000 27.712473 2
18.610000 27.524035 2
18.620000 27.816183 2
18.630000 27.769797 2
18.640000 27.894064 2
18.650000 27.801332 2
18.660000 27.711521 2
18.670000 27.783469 2
18.680000 27.729504 2
18.690000 27.838311 2
18.700000 27.894668 2
18.710000 27.835621 2
18.720000 28.006300 2
18.730000 27.683070 2
18.740000 27.757097 2
18.750000 27.918537 2
18.760000 28.104441 2
18.770000 27.910428 2
18.780000 27.980253 2
18.790000 27.878177 2
18.800000 27.966498 2
18.810000 27.877342 2
18.820000 27.988156 2
18.830000 28.178214 2
18.840000 28.049504 2
18.850000 27.956639 2
18.860000 28.057167 2
18.870000 28.247407 2
18.880000 28.113977 2
18.890000 28.051186 2
18.900000 28.225939 2
18.910000 27.938395 2
18.920000 28.030180 2
18.930000 28.171777 2
18.940000 28.258832 2
18.950000 28.183496 2
18.960000 28.375126 2
18.970000 28.240198 2
18.980000 28.217050 2
18.990000 28.405942 2
19.000000 28.280563 2
19.010000 28.260072 2
19.020000 28.302607 2
19.030000 28.244799 2
19.040000 28.410052 2
19.050000 28.273761 2
19.060000 28.391501 2
19.070000 28.244431 2
19.080000 28.663565 2
19.090000 28.563291 2
19.100000 28.510147 2
19.110000 28.601641 2
19.120000 28.403039 2
19.130000 28.657216 2
19.140000 28.531296 2
19.150000 28.687829 2
19.160000 28.543283 2
19.170000 28.503821 2
19.180000 28.657449 2
19.190000 28.717228 2
19.200000 28.694468 2
19.210000 28.553228 2
19.220000 28.648194 2
19.230000 28.645635 2
19.240000 28.691394 2
19.250000 28.590325 2
19.260000 28.434826 2
19.270000 28.520197 2
19.280000 28.574303 2
19.290000 28.772625 2
19.300000 28.796952 2
19.310000 28.806844 2
19.320000 28.802554 2
19.330000 28.812476 2
19.340000 28.616213 2
19.350000 28.785513 2
19.360000 28.994424 2
19.370000 28.699870 2
19.380000 29.005181 2
19.390000 28.666538 2
19.400000 28.834306 2
19.410000 28.854200 2
19.420000 28.886796 2
19.430000 29.110480 2
19.440000 28.899874 2
19.450000 28.817379 2
19.460000 28.979251 2
19.470000 28.971152 2
19.480000 28.770989 2
19.490000 28.800805 2
19.500000 28.848474 2
19.510000 28.901365 2
19.520000 29.030776 2
19.530000 29.094135 2
19.540000 28.987227 2
19.550000 29.120274 2
19.560000 29.145796 2
19.570000 29.142876 2
19.580000 29.239281 2
19.590000 29.322618 2
19.600000 29.072358 2
19.610000 29.126351 2
19.620000 29.213356 2
19.630000 29.087948 2
19.640000 29.291771 2
19.650000 29.157704 2
19.660000 29.360283 2
19.670000 29.030219 2
19.680000 29.349369 2
19.690000 29.479297 2
19.700000 29.183748 2
19.710000 29.285714 2
19.720000 29.389996 2
19.730000 29.504505 2
19.740000 29.390994 2
19.750000 29.460866 2
19.760000 29.499686 2
19.770000 29.424271 2
19.780000 29.470181 2
19.790000 29.331560 2
19.800000 29.408156 2
19.810000 29.441215 2
19.820000 29.463092 2
19.830000 29.605152 2
19.840000 29.425438 2
19.850000 29.487719 2
19.860000 29.610800 2
19.870000 29.579306 2
19.880000 29.606093 2
19.890000 29.500661 2
19.900000 29.487933 2
19.910000 29.479176 2
19.920000 29.562248 2
19.930000 29.559242 2
19.940000 29.717222 2
19.950000 29.695731 2
19.960000 29.593707 2
19.970000 29.684884 2
19.980000 29.794378 2
19.990000 29.878171 2
20.000000 29.703111 2
20.010000 29.805325 2
20.020000 29.681681 2
20.030000 29.937347 2
20.040000 29.612306 2
20.050000 29.788258 2
20.060000 29.860046 2
20.070000 29.722535 2
20.080000 29.871537 2
20.090000 29.782370 2
20.100000 29.964413 2
20.110000 29.935223 2
20.120000 29.948686 2
20.130000 29.962937 2
20.140000 30.078213 2
20.150000 29.950056 2
20.160000 29.968512 2
20.170000 29.940008 2
20.180000 30.049860 2
20.190000 30.154874 2
20.200000 30.072142 2
20.210000 30.006887 2
20.220000 30.154024 2
20.230000 30.007344 2
20.240000 30.067356 2
20.250000 30.025345 2
20.260000 30.131322 2
20.270000 30.213823 2
20.280000 30.186405 2
20.290000 30.069474 2
20.300000 30.061052 2
20.310000 30.225464 2
20.320000 30.263766 2
20.330000 30.234905 2
20.340000 30.028111 2
20.350000 30.402539 2
20.360000 30.315037 2
20.370000 30.500222 2
20.380000 30.114400 2
20.390000 30.311634 2
20.400000 30.447611 2
20.410000 30.397442 2
20.420000 30.368952 2
20.430000 30.389465 2
20.440000 30.544896 2
20.450000 30.463098 2
20.460000 30.271323 2
20.470000 30.304766 2
20.480000 30.478863 2
20.490000 30.421096 2
20.500000 30.651613 2
20.510000 30.510591 2
20.520000 30.486584 2
20.530000 30.612827 2
20.540000 30.353655 2
20.550000 30.588915 2
20.560000 30.649451 2
20.570000 30.645114 2
20.580000 30.864301 2
20.590000 30.525166 2
20.600000 30.622763 2
20.610000 30.750883 2
20.620000 30.514675 2
20.630000 30.592092 2
20.640000 30.622028 2
20.650000 30.887290 2
20.660000 30.603751 2
20.670000 30.634756 2
20.680000 30.816287 2
20.690000 30.806389 2
20.700000 30.908906 2
20.710000 30.704518 2
20.720000 30.883013 2
20.730000 30.905988 2
20.740000 30.922229 2
20.750000 30.741778 2
20.760000 30.895072 2
20.770000 30.926821 2
20.780000 30.824462 2
20.790000 30.807707 2
20.800000 30.892507 2
20.810000 31.029762 2
20.820000 30.703812 2
20.830000 31.028052 2
20.840000 31.022217 2
20.850000 31.002198 2
20.860000 30.998472 2
20.870000 31.038962 2
20.880000 31.151477 2
20.890000 31.019901 2
20.900000 30.970892 2
20.910000 31.050343 2
20.920000 31.171731 2
20.930000 31.201180 2
20.940000 31.084126 2
20.950000 31.191916 2
20.960000 31.151673 2
20.970000 31.125005 2
20.980000 31.465526 2
20.990000 31.311595 2
21.000000 31.321774 2
21.010000 31.197782 2
21.020000 31.314255 2
21.030000 31.373502 2
21.040000 31.269125 2
21.050000 31.247778 2
21.060000 31.355278 2
21.070000 31.396003 2
21.080000 31.318162 2
21.090000 31.311846 2
21.100000 31.199380 2
21.110000 31.526390 2
21.120000 31.350991 2
21.130000 31.411800 2
21.140000 31.555395 2
21.150000 31.569885 2
21.160000 31.491301 2
21.170000 31.336229 2
21.180000 31.396308 2
21.190000 31.515965 2
21.200000 31.448224 2
21.210000 31.482990 2
21.220000 31.602539 2
21.230000 31.571403 2
21.240000 31.627010 2
21.250000 31.680556 2
21.260000 31.768755 2
21.270000 31.716985 2
21.280000 31.730898 2
21.290000 31.578916 2
21.300000 31.575713 2
21.310000 31.690522 2
21.320000 31.732503 2
21.330000 31.671653 2
21.340000 31.771174 2
21.350000 31.653780 2
21.360000 31.601275 2
21.370000 31.792918 2
21.380000 31.663439 2
21.390000 31.887108 2
21.400000 31.903072 2
21.410000 31.942482 2
21.420000 31.741243 2
21.430000 32.025113 2
21.440000 32.032555 2
21.450000 31.817054 2
21.460000 31.989579 2
21.470000 31.815389 2
21.480000 31.976275 2
21.490000 31.965516 2
21.500000 32.102103 2
21.510000 31.967455 2
21.520000 32.173025 2
21.530000 31.993446 2
21.540000 31.922320 2
21.550000 32.105846 2
21.560000 31.830259 2
21.570000 32.298970 2
21.580000 32.092681 2
21.590000 32.253642 2
21.600000 32.155075 2
21.610000 32.336520 2
21.620000 32.211501 2
21.630000 32.204902 2
21.640000 32.118582 2
21.650000 32.223457 2
21.660000 32.352052 2
21.670000 32.242550 2
21.680000 32.344009 2
21.690000 32.377871 2
21.700000 32.286189 2
21.710000 32.310218 2
21.720000 32.369637 2
21.730000 32.388919 2
21.740000 32.488285 2
21.750000 32.357676 2
21.760000 32.274346 2
21.770000 32.337751 2
21.780000 32.414925 2
21.790000 32.488014 2
21.800000 32.330339 2
21.810000 32.568411 2
21.820000 32.365417 2
21.830000 32.542217 2
21.840000 32.515688 2
21.850000 32.694276 2
21.860000 32.643027 2
21.870000 32.538058 2
21.880000 32.679357 2
21.890000 32.626347 2
21.900000 32.553053 2
21.910000 32.559883 2
21.920000 32.588482 2
21.930000 32.638058 2
21.940000 32.701900 2
21.950000 32.738958 2
21.960000 32.656442 2
21.970000 32.709328 2
21.980000 32.771730 2
21.990000 32.714082 2
22.000000 32.621144 2
22.010000 32.692524 2
22.020000 32.883387 2
22.030000 32.709989 2
22.040000 33.062547 2
22.050000 32.920082 2
22.060000 32.790581 2
22.070000 32.926162 2
22.080000 32.901489 2
22.090000 32.865316 2
22.100000 32.937743 2
22.110000 32.990393 2
22.120000 32.814053 2
22.130000 32.889880 2
22.140000 32.918568 2
22.150000 32.890246 2
22.160000 32.788071 2
22.170000 33.013486 2
22.180000 32.990393 2
22.190000 32.928183 2
22.200000 32.958694 2
22.210000 33.069166 2
22.220000 32.892596 2
22.230000 32.952327 2
22.240000 33.267286 2
22.250000 33.068025 2
22.260000 33.136468 2
22.270000 32.989055 2
22.280000 33.149931 2
22.290000 33.140482 2
22.300000 33.205112 2
22.310000 33.220276 2
22.320000 33.269456 2
22.330000 33.242914 2
22.340000 33.105312 2
22.350000 33.363875 2
22.360000 33.367014 2
22.370000 33.440375 2
22.380000 33.096944 2
22.390000 33.176226 2
22.400000 33.317360 2
22.410000 33.610700 2
22.420000 33.419206 2
22.430000 33.471318 2
22.440000 33.451046 2
22.450000 33.523402 2
22.460000 33.532071 2
22.470000 33.544509 2
22.480000 33.469562 2
22.490000 33.352716 2
22.500000 33.425674 2
22.510000 33.564563 2
22.520000 33.377619 2
22.530000 33.591657 2
22.540000 33.352649 2
22.550000 33.442122 2
22.560000 33.558491 2
22.570000 33.523648 2
22.580000 33.563110 2
22.590000 33.704083 2
22.600000 33.629023 2
22.610000 33.667728 2
22.620000 33.533191 2
22.630000 33.810123 2
22.640000 33.730106 2
22.650000 33.809419 2
22.660000 33.593435 2
22.670000 33.643731 2
22.680000 33.710954 2
22.690000 33.870515 2
22.700000 33.735383 2
22.710000 33.808355 2
22.720000 33.962978 2
22.730000 33.791061 2
22.740000 33.639366 2
22.750000 33.904955 2
22.760000 33.692889 2
22.770000 34.006778 2
22.780000 33.919056 2
22.790000 33.935127 2
22.800000 33.823204 2
22.810000 33.896186 2
22.820000 33.972669 2
22.830000 34.086022 2
22.840000 34.059774 2
22.850000 33.967862 2
22.860000 33.930233 2
22.870000 34.089781 2
22.880000 34.012728 2
22.890000 34.078547 2
22.900000 34.017341 2
22.910000 34.044415 2
22.920000 34.054961 2
22.930000 33.958771 2
22.940000 34.224149 2
22.950000 34.084253 2
22.960000 34.163733 2
22.970000 34.101354 2
22.980000 34.113686 2
22.990000 34.101451 2
23.000000 34.374512 2
23.010000 34.193772 2
23.020000 34.241673 2
23.030000 34.272869 2
23.040000 34.522414 2
23.050000 34.281320 2
23.060000 34.155404 2
23.070000 34.298386 2
23.080000 34.455360 2
23.090000 34.312579 2
23.100000 34.297120 2
23.110000 34.262263 2
23.120000 34.369620 2
23.130000 34.220433 2
23.140000 34.338605 2
23.150000 34.280204 2
23.160000 34.343179 2
23.170000 34.459686 2
23.180000 34.615901 2
23.190000 34.554312 2
23.200000 34.595636 2
23.210000 34.563615 2
23.220000 34.567178 2
23.230000 34.577289 2
23.240000 34.488702 2
23.250000 34.668920 2
23.260000 34.559327 2
23.270000 34.465178 2
23.280000 34.634661 2
23.290000 34.617408 2
23.300000 34.901698 2
23.310000 34.864873 2
23.320000 34.781076 2
23.330000 34.779331 2
23.340000 34.753781 2
23.350000 34.581457 2
23.360000 34.647945 2
23.370000 34.628530 2
23.380000 34.812426 2
23.390000 34.862150 2
23.400000 34.893292 2
23.410000 34.599511 2
23.420000 34.741556 2
23.430000 34.892160 2
23.440000 34.885120 2
23.450000 34.879201 2
23.460000 34.820929 2
23.470000 34.995497 2
23.480000 35.080951 2
23.490000 34.822700 2
23.500000 34.961994 2
23.510000 34.986826 2
23.520000 35.059158 2
23.530000 34.945776 2
23.540000 35.087367 2
23.550000 35.207361 2
23.560000 35.144454 2
23.570000 35.202142 2
23.580000 35.020391 2
23.590000 35.325227 2
23.600000 34.820742 2
23.610000 35.049417 2
23.620000 35.272484 2
23.630000 35.175850 2
23.640000 35.035161 2
23.650000 35.039669 2
23.660000 35.242600 2
23.670000 35.269355 2
23.680000 35.236474 2
23.690000 35.179767 2
23.700000 35.121436 2
23.710000 35.319642 2
23.720000 35.301614 2
23.730000 35.129380 2
23.740000 35.118463 2
23.750000 35.480891 2
23.760000 35.357774 2
23.770000 35.228554 2
23.780000 35.583679 2
23.790000 35.507305 2
23.800000 35.361957 2
23.810000 35.455170 2
23.820000 35.323706 2
23.830000 35.508511 2
23.840000 35.622580 2
23.850000 35.382150 2
23.860000 35.419119 2
23.870000 35.579454 2
23.880000 35.717969 2
23.890000 35.602178 2
23.900000 35.227673 2
23.910000 35.685012 2
23.920000 35.459682 2
23.930000 35.438669 2
23.940000 35.645153 2
23.950000 35.735637 2
23.960000 35.573473 2
23.970000 35.593960 2
23.980000 35.769626 2
23.990000 35.624434 2
24.000000 35.569206 2
24.010000 35.763258 2
24.020000 35.826465 2
24.030000 35.761356 2
24.040000 35.804785 2
24.050000 35.855891 2
24.060000 35.872350 2
24.070000 35.641537 2
24.080000 35.747547 2
24.090000 35.688382 2
24.100000 35.767036 2
24.110000 35.925017 2
24.120000 35.885631 2
24.130000 36.051414 2
24.140000 36.029336 2
24.150000 36.041685 2
24.160000 36.039914 2
24.170000 35.845137 2
24.180000 35.990615 2
24.190000 35.929339 2
24.200000 36.139754 2
24.210000 36.160341 2
24.220000 36.035124 2
24.230000 35.899862 2
24.240000 36.052376 2
24.250000 36.030640 2
24.260000 35.873153 2
24.270000 36.106067 2
24.280000 36.183052 2
24.290000 35.919605 2
24.300000 36.082869 2
24.310000 36.039068 2
24.320000 36.053028 2
24.330000 36.109392 2
24.340000 36.180920 2
24.350000 36.191513 2
24.360000 36.260577 2
24.370000 36.363006 2
24.380000 36.341836 2
24.390000 36.273267 2
24.400000 36.352024 2
24.410000 36.183231 2
24.420000 36.313628 2
24.430000 36.456508 2
24.440000 36.272001 2
24.450000 36.437685 2
24.460000 36.406554 2
24.470000 36.459927 2
24.480000 36.431147 2
24.490000 36.395227 2
24.500000 36.286327 2
24.510000 36.372639 2
24.520000 36.406504 2
24.530000 36.321101 2
24.540000 36.467448 2
24.550000 36.363250 2
24.560000 36.542030 2
24.570000 36.547469 2
24.580000 36.605255 2
24.590000 36.599188 2
24.600000 36.621408 2
24.610000 36.595020 2
24.620000 36.501621 2
24.630000 36.644431 2
24.640000 36.693169 2
24.650000 36.719695 2
24.660000 36.698131 2
24.670000 36.705498 2
24.680000 36.695532 2
24.690000 36.845023 2
24.700000 36.733898 2
24.710000 36.601732 2
24.720000 36.726787 2
24.730000 36.855208 2
24.740000 36.665547 2
24.750000 36.883661 2
24.760000 36.976270 2
24.770000 36.882845 2
24.780000 36.893680 2
24.790000 36.656463 2
24.800000 36.965287 2
24.810000 36.933809 2
24.820000 36.821771 2
24.830000 36.914901 2
24.840000 36.913262 2
24.850000 37.082958 2
24.860000 36.997545 2
24.870000 36.966033 2
24.880000 36.984298 2
24.890000 37.101717 2
24.900000 36.896382 2
24.910000 37.050878 2
24.920000 36.910631 2
24.930000 37.114820 2
24.940000 37.007348 2
24.950000 37.004515 2
24.960000 37.150399 2
24.970000 37.212476 2
24.980000 37.319653 2
24.990000 37.242545 2
25.000000 37.109539 2
