4.000000 0.822087
4.010000 0.871910
4.020000 1.053838
4.030000 0.823549
4.040000 0.819914
4.050000 1.036838
4.060000 1.033885
4.070000 0.886913
4.080000 0.947003
4.090000 1.103573
4.100000 0.868613
4.110000 0.950507
4.120000 0.988603
4.130000 0.825576
4.140000 0.842561
4.150000 0.975267
4.160000 0.670833
4.170000 1.084137
4.180000 0.939292
4.190000 0.872949
4.200000 0.773537
4.210000 0.740325
4.220000 0.672453
4.230000 0.817474
4.240000 0.805432
4.250000 0.851444
4.260000 0.666265
4.270000 0.820325
4.280000 0.909122
4.290000 0.800978
4.300000 0.820927
4.310000 0.833046
4.320000 0.936575
4.330000 0.841983
4.340000 0.895826
4.350000 1.061009
4.360000 0.952948
4.370000 1.004222
4.380000 0.871918
4.390000 0.985601
4.400000 0.952937
4.410000 0.880214
4.420000 1.242353
4.430000 1.024100
4.440000 0.963143
4.450000 1.017325
4.460000 1.077408
4.470000 0.980480
4.480000 1.010083
4.490000 1.104628
4.500000 1.155668
4.510000 1.017614
4.520000 0.946580
4.530000 0.955043
4.540000 1.047629
4.550000 0.946858
4.560000 1.083784
4.570000 1.230115
4.580000 1.191986
4.590000 1.051782
4.600000 1.181142
4.610000 0.997352
4.620000 0.854017
4.630000 0.980620
4.640000 0.819552
4.650000 1.068237
4.660000 1.087358
4.670000 0.956430
4.680000 1.110016
4.690000 0.997321
4.700000 1.103841
4.710000 0.900575
4.720000 1.021838
4.730000 0.886814
4.740000 1.032604
4.750000 1.056884
4.760000 1.050273
4.770000 1.040448
4.780000 0.870435
4.790000 0.976119
4.800000 0.802569
4.810000 0.965464
4.820000 0.867417
4.830000 1.083571
4.840000 0.733647
4.850000 0.975572
4.860000 0.953425
4.870000 0.881998
4.880000 0.831640
4.890000 0.829086
4.900000 1.007979
4.910000 1.007699
4.920000 0.932833
4.930000 0.841941
4.940000 0.696115
4.950000 1.028629
4.960000 0.875232
4.970000 1.034088
4.980000 0.867769
4.990000 1.104891
5.000000 0.918972
5.010000 1.124126
5.020000 0.977208
5.030000 1.116022
5.040000 1.044643
5.050000 1.024133
5.060000 0.996702
5.070000 1.017237
5.080000 0.988780
5.090000 1.150875
5.100000 0.946323
5.110000 1.072029
5.120000 0.974980
5.130000 1.261455
5.140000 1.039453
5.150000 1.143928
5.160000 1.137914
5.170000 1.090895
5.180000 1.158778
5.190000 1.150678
5.200000 1.295528
5.210000 1.128593
5.220000 1.237278
5.230000 1.164133
5.240000 1.174743
5.250000 1.054062
5.260000 0.941740
5.270000 1.060914
5.280000 1.043972
5.290000 1.041500
5.300000 1.136614
5.310000 1.033833
5.320000 1.139439
5.330000 1.126400
5.340000 0.896843
5.350000 1.019999
5.360000 1.162998
5.370000 1.176292
5.380000 0.951064
5.390000 1.062062
5.400000 1.002136
5.410000 1.300727
5.420000 1.091832
5.430000 1.069046
5.440000 0.952592
5.450000 1.094729
5.460000 1.106783
5.470000 1.123692
5.480000 0.887300
5.490000 0.789656
5.500000 0.853564
5.510000 0.871616
5.520000 0.904540
5.530000 0.991671
5.540000 0.979432
5.550000 0.986353
5.560000 0.849661
5.570000 0.951508
5.580000 0.943387
5.590000 1.006883
5.600000 1.051967
5.610000 1.021168
5.620000 1.131560
5.630000 0.989873
5.640000 1.109689
5.650000 1.183540
5.660000 1.086944
5.670000 1.083481
5.680000 1.054752
5.690000 1.239160
5.700000 1.144250
5.710000 0.959946
5.720000 1.185629
5.730000 1.084167
5.740000 1.304516
5.750000 1.158154
5.760000 1.185672
5.770000 1.123298
5.780000 1.198820
5.790000 1.516254
5.800000 1.140773
5.810000 1.187487
5.820000 1.316455
5.830000 1.178745
5.840000 1.298966
5.850000 1.198781
5.860000 1.229249
5.870000 1.448897
5.880000 1.072705
5.890000 1.079833
5.900000 1.216583
5.910000 1.154349
5.920000 1.037952
5.930000 1.218379
5.940000 0.987805
5.950000 1.182724
5.960000 1.199766
5.970000 1.017019
5.980000 1.060419
5.990000 1.228708
6.000000 0.935252
6.010000 1.031346
6.020000 0.976016
6.030000 1.074806
6.040000 1.134561
6.050000 0.938146
6.060000 0.946588
6.070000 1.115256
6.080000 0.971074
6.090000 0.942584
6.100000 0.967882
6.110000 0.970206
6.120000 0.951191
6.130000 0.864430
6.140000 1.097565
6.150000 0.980654
6.160000 1.064022
6.170000 1.127435
6.180000 1.118876
6.190000 0.843470
6.200000 0.900631
6.210000 1.169942
6.220000 0.968204
6.230000 1.103570
6.240000 1.022985
6.250000 1.017215
6.260000 1.010595
6.270000 1.098948
6.280000 0.966490
6.290000 1.087214
6.300000 1.173117
6.310000 1.238113
6.320000 1.291636
6.330000 1.221581
6.340000 1.151683
6.350000 1.154457
6.360000 1.185189
6.370000 1.170370
6.380000 1.157161
6.390000 1.011428
6.400000 1.270341
6.410000 1.112068
6.420000 1.336347
6.430000 1.295302
6.440000 1.086788
6.450000 1.321618
6.460000 1.208052
6.470000 1.365376
6.480000 1.130754
6.490000 1.192301
6.500000 1.332218
6.510000 1.216859
6.520000 1.224843
6.530000 1.282660
6.540000 1.026384
6.550000 1.159074
6.560000 1.358403
6.570000 1.203150
6.580000 1.119415
6.590000 1.102337
6.600000 0.947262
6.610000 1.195960
6.620000 1.028958
6.630000 1.178324
6.640000 1.286623
6.650000 1.220174
6.660000 1.211639
6.670000 0.966398
6.680000 0.963564
6.690000 1.097817
6.700000 1.251851
6.710000 0.812148
6.720000 0.948812
6.730000 1.231078
6.740000 1.086528
6.750000 0.908252
6.760000 1.145512
6.770000 1.074014
6.780000 1.007271
6.790000 1.142423
6.800000 0.996008
6.810000 0.994577
6.820000 1.036085
6.830000 1.099624
6.840000 1.089270
6.850000 1.178822
6.860000 1.056729
6.870000 0.968704
6.880000 1.109714
6.890000 1.066041
6.900000 1.158217
6.910000 1.111418
6.920000 1.378044
6.930000 1.172415
6.940000 1.089399
6.950000 1.318267
6.960000 1.419351
6.970000 1.261064
6.980000 1.342839
6.990000 1.294434
7.000000 1.260881
7.010000 1.218337
7.020000 1.202384
7.030000 1.338525
7.040000 1.298771
7.050000 1.275201
7.060000 1.287794
7.070000 1.242240
7.080000 1.413223
7.090000 1.364829
7.100000 1.352669
7.110000 1.201598
7.120000 1.407980
7.130000 1.208327
7.140000 1.362702
7.150000 1.425622
7.160000 1.224637
7.170000 1.317939
7.180000 1.324436
7.190000 1.042095
7.200000 1.221849
7.210000 1.150857
7.220000 1.222555
7.230000 1.210338
7.240000 1.417714
7.250000 1.225213
7.260000 1.114673
7.270000 1.154333
7.280000 1.148377
7.290000 1.186158
7.300000 1.333845
7.310000 1.295702
7.320000 1.236635
7.330000 1.206398
7.340000 1.120863
7.350000 1.095632
7.360000 1.086444
7.370000 1.145209
7.380000 1.081190
7.390000 1.197757
7.400000 1.163567
7.410000 1.028614
7.420000 1.100639
7.430000 1.239152
7.440000 1.192639
7.450000 1.380324
7.460000 1.208283
7.470000 1.272457
7.480000 1.171891
7.490000 1.152049
7.500000 1.212424
7.510000 1.281077
7.520000 1.010554
7.530000 1.295630
7.540000 1.265924
7.550000 1.208532
7.560000 1.181449
7.570000 1.317352
7.580000 1.260588
7.590000 1.374599
7.600000 1.291555
7.610000 1.491161
7.620000 1.269199
7.630000 0.961978
7.640000 1.501986
7.650000 1.277636
7.660000 1.523471
7.670000 1.400617
7.680000 1.421995
7.690000 1.358095
7.700000 1.219694
7.710000 1.393727
7.720000 1.441677
7.730000 1.318410
7.740000 1.280524
7.750000 1.341043
7.760000 1.230761
7.770000 1.542486
7.780000 1.316792
7.790000 1.226269
7.800000 1.195018
7.810000 1.330890
7.820000 1.333459
7.830000 1.243774
7.840000 1.359523
7.850000 1.342052
7.860000 1.209345
7.870000 1.091683
7.880000 1.303771
7.890000 1.225754
7.900000 1.007924
7.910000 1.123995
7.920000 1.227295
7.930000 1.254395
7.940000 1.222471
7.950000 1.153854
7.960000 1.156771
7.970000 1.284296
7.980000 1.125648
7.990000 1.262563
8.000000 1.109231
8.010000 1.174882
8.020000 1.244131
8.030000 1.136712
8.040000 1.278199
8.050000 1.335296
8.060000 1.178820
8.070000 1.303143
8.080000 1.306846
8.090000 1.491199
8.100000 1.220855
8.110000 1.196161
8.120000 1.155310
8.130000 1.280826
8.140000 1.232993
8.150000 1.261252
8.160000 1.217897
8.170000 1.461881
8.180000 1.207759
8.190000 1.268843
8.200000 1.326017
8.210000 1.479673
8.220000 1.360993
8.230000 1.359760
8.240000 1.340072
8.250000 1.429752
8.260000 1.282325
8.270000 1.373178
8.280000 1.431468
8.290000 1.519167
8.300000 1.359780
8.310000 1.484615
8.320000 1.273972
8.330000 1.606187
8.340000 1.400089
8.350000 1.402825
8.360000 1.384029
8.370000 1.261414
8.380000 1.345466
8.390000 1.502800
8.400000 1.345300
8.410000 1.419116
8.420000 1.226168
8.430000 1.400913
8.440000 1.105835
8.450000 1.383780
8.460000 1.327815
8.470000 1.367537
8.480000 1.156130
8.490000 1.284259
8.500000 1.332910
8.510000 1.402778
8.520000 1.231507
8.530000 1.197228
8.540000 1.161686
8.550000 1.185059
8.560000 1.256562
8.570000 1.185664
8.580000 1.182422
8.590000 1.298878
8.600000 1.274791
8.610000 1.223300
8.620000 1.405170
8.630000 1.139086
8.640000 1.340969
8.650000 1.382082
8.660000 1.042818
8.670000 1.321666
8.680000 1.192471
8.690000 1.285193
8.700000 1.243775
8.710000 1.212182
8.720000 1.186028
8.730000 1.275392
8.740000 1.177740
8.750000 1.457772
8.760000 1.361412
8.770000 1.179478
8.780000 1.424108
8.790000 1.192554
8.800000 1.218421
8.810000 1.458641
8.820000 1.456044
8.830000 1.239100
8.840000 1.496374
8.850000 1.408746
8.860000 1.495088
8.870000 1.335167
8.880000 1.524390
8.890000 1.393335
8.900000 1.607159
8.910000 1.370067
8.920000 1.407408
8.930000 1.497402
8.940000 1.439244
8.950000 1.295657
8.960000 1.549219
8.970000 1.407138
8.980000 1.551484
8.990000 1.442202
9.000000 1.509942
9.010000 1.590751
9.020000 1.672352
9.030000 1.432915
9.040000 1.374622
9.050000 1.479497
9.060000 1.480084
9.070000 1.413954
9.080000 1.390373
9.090000 1.141500
9.100000 1.424659
9.110000 1.248525
9.120000 1.324628
9.130000 1.292678
9.140000 1.219850
9.150000 1.430110
9.160000 1.283649
9.170000 1.183816
9.180000 1.303198
9.190000 1.180955
9.200000 1.063187
9.210000 1.468734
9.220000 1.186767
9.230000 1.415946
9.240000 1.238061
9.250000 1.246106
9.260000 1.348688
9.270000 1.468236
9.280000 1.181840
9.290000 1.091166
9.300000 1.241605
9.310000 1.413811
9.320000 1.401912
9.330000 1.308869
9.340000 1.348350
9.350000 1.388625
9.360000 1.361996
9.370000 1.466650
9.380000 1.362655
9.390000 1.222679
9.400000 1.426898
9.410000 1.500956
9.420000 1.367268
9.430000 1.422769
9.440000 1.376736
9.450000 1.350989
9.460000 1.381253
9.470000 1.395572
9.480000 1.426784
9.490000 1.343295
9.500000 1.522295
9.510000 1.595641
9.520000 1.448892
9.530000 1.435266
9.540000 1.464401
9.550000 1.603891
9.560000 1.451594
9.570000 1.391606
9.580000 1.394108
9.590000 1.638263
9.600000 1.390015
9.610000 1.444614
9.620000 1.515298
9.630000 1.416993
9.640000 1.457698
9.650000 1.549448
9.660000 1.489718
9.670000 1.423352
9.680000 1.626261
9.690000 1.441212
9.700000 1.579077
9.710000 1.336190
9.720000 1.238386
9.730000 1.502624
9.740000 1.284604
9.750000 1.426351
9.760000 1.416693
9.770000 1.499517
9.780000 1.257131
9.790000 1.452094
9.800000 1.236032
9.810000 1.317970
9.820000 1.255570
9.830000 1.241347
9.840000 1.342557
9.850000 1.324219
9.860000 1.404725
9.870000 1.338915
9.880000 1.315659
9.890000 1.257184
9.900000 1.375269
9.910000 1.325996
9.920000 1.374792
9.930000 1.283238
9.940000 1.273635
9.950000 1.555629
9.960000 1.482124
9.970000 1.456803
9.980000 1.393810
9.990000 1.368381
10.000000 1.354591
10.010000 1.222067
10.020000 1.205048
10.030000 1.438042
10.040000 1.391344
10.050000 1.425716
10.060000 1.473535
10.070000 1.573645
10.080000 1.527213
10.090000 1.388431
10.100000 1.344563
10.110000 1.621785
10.120000 1.553661
10.130000 1.566791
10.140000 1.555923
10.150000 1.554527
10.160000 1.400329
10.170000 1.529030
10.180000 1.553357
10.190000 1.565240
10.200000 1.353140
10.210000 1.564771
10.220000 1.662922
10.230000 1.437663
10.240000 1.757369
10.250000 1.502014
10.260000 1.499938
10.270000 1.400686
10.280000 1.577431
10.290000 1.465755
10.300000 1.345033
10.310000 1.489659
10.320000 1.319103
10.330000 1.560415
10.340000 1.418017
10.350000 1.481623
10.360000 1.321882
10.370000 1.602254
10.380000 1.275321
10.390000 1.338837
10.400000 1.328928
10.410000 1.550405
10.420000 1.422909
10.430000 1.258840
10.440000 1.634646
10.450000 1.382901
10.460000 1.330154
10.470000 1.350948
10.480000 1.284859
10.490000 1.191140
10.500000 1.339166
10.510000 1.549872
10.520000 1.327951
10.530000 1.341528
10.540000 1.337577
10.550000 1.237644
10.560000 1.448120
10.570000 1.431089
10.580000 1.223472
10.590000 1.453718
10.600000 1.386734
10.610000 1.268576
10.620000 1.333380
10.630000 1.449576
10.640000 1.365986
10.650000 1.609328
10.660000 1.512858
10.670000 1.361928
10.680000 1.286068
10.690000 1.409788
10.700000 1.535051
10.710000 1.549877
10.720000 1.411607
10.730000 1.544330
10.740000 1.493731
10.750000 1.531711
10.760000 1.716507
10.770000 1.536935
10.780000 1.612550
10.790000 1.546909
10.800000 1.537137
10.810000 1.781865
10.820000 1.597317
10.830000 1.512130
10.840000 1.548339
10.850000 1.540805
10.860000 1.589086
10.870000 1.769347
10.880000 1.597898
10.890000 1.703841
10.900000 1.632006
10.910000 1.548555
10.920000 1.447074
10.930000 1.501761
10.940000 1.549850
10.950000 1.239449
10.960000 1.676972
10.970000 1.701115
10.980000 1.538183
10.990000 1.479957
11.000000 1.529923
11.010000 1.379093
11.020000 1.396397
11.030000 1.418819
11.040000 1.428351
11.050000 1.402201
11.060000 1.516165
11.070000 1.294753
11.080000 1.599865
11.090000 1.577083
11.100000 1.283476
11.110000 1.344535
11.120000 1.417205
11.130000 1.544041
11.140000 1.401698
11.150000 1.210794
11.160000 1.366488
11.170000 1.343548
11.180000 1.487030
11.190000 1.508437
11.200000 1.223524
11.210000 1.447835
11.220000 1.507958
11.230000 1.495552
11.240000 1.465538
11.250000 1.381838
11.260000 1.526177
11.270000 1.466494
11.280000 1.515587
11.290000 1.545470
11.300000 1.558647
11.310000 1.492408
11.320000 1.528848
11.330000 1.424406
11.340000 1.704667
11.350000 1.630411
11.360000 1.516151
11.370000 1.583780
11.380000 1.482893
11.390000 1.573762
11.400000 1.584018
11.410000 1.617600
11.420000 1.608500
11.430000 1.665388
11.440000 1.633605
11.450000 1.390189
11.460000 1.779192
11.470000 1.793090
11.480000 1.568775
11.490000 1.500773
11.500000 1.588113
11.510000 1.503039
11.520000 1.743532
11.530000 1.577337
11.540000 1.506173
11.550000 1.641520
11.560000 1.397825
11.570000 1.588355
11.580000 1.511406
11.590000 1.403513
11.600000 1.544396
11.610000 1.496332
11.620000 1.769795
11.630000 1.544105
11.640000 1.538504
11.650000 1.462226
11.660000 1.620908
11.670000 1.357302
11.680000 1.493046
11.690000 1.581730
11.700000 1.466865
11.710000 1.424066
11.720000 1.398291
11.730000 1.493433
11.740000 1.426366
11.750000 1.534415
11.760000 1.637195
11.770000 1.312892
11.780000 1.448899
11.790000 1.486826
11.800000 1.395475
11.810000 1.551620
11.820000 1.591127
11.830000 1.513126
11.840000 1.460559
11.850000 1.647044
11.860000 1.397772
11.870000 1.449266
11.880000 1.347637
11.890000 1.613265
11.900000 1.375944
11.910000 1.571842
11.920000 1.499928
11.930000 1.569769
11.940000 1.527698
11.950000 1.662589
11.960000 1.413007
11.970000 1.541752
11.980000 1.461055
11.990000 1.653605
12.000000 1.668789
12.010000 1.667632
12.020000 1.750514
12.030000 1.650038
12.040000 1.563570
12.050000 1.601896
12.060000 1.703142
12.070000 1.584714
12.080000 1.651446
12.090000 1.675118
12.100000 1.706209
12.110000 1.646721
12.120000 1.583901
12.130000 1.700627
12.140000 1.606012
12.150000 1.683892
12.160000 1.781312
12.170000 1.643733
12.180000 1.529796
12.190000 1.703471
12.200000 1.738877
12.210000 1.445693
12.220000 1.618244
12.230000 1.726621
12.240000 1.593770
12.250000 1.467947
12.260000 1.565819
12.270000 1.601217
12.280000 1.710002
12.290000 1.697190
12.300000 1.737229
12.310000 1.548448
12.320000 1.438804
12.330000 1.531756
12.340000 1.475314
12.350000 1.538969
12.360000 1.483431
12.370000 1.394098
12.380000 1.407312
12.390000 1.400320
12.400000 1.373864
12.410000 1.511049
12.420000 1.696265
12.430000 1.374920
12.440000 1.479639
12.450000 1.449962
12.460000 1.513559
12.470000 1.452893
12.480000 1.554025
12.490000 1.590367
12.500000 1.630298
12.510000 1.538687
12.520000 1.532281
12.530000 1.518455
12.540000 1.559202
12.550000 1.509878
12.560000 1.609941
12.570000 1.685552
12.580000 1.691866
12.590000 1.609014
12.600000 1.510337
12.610000 1.751608
12.620000 1.587497
12.630000 1.585710
12.640000 1.700206
12.650000 1.522914
12.660000 1.813527
12.670000 1.668305
12.680000 1.727421
12.690000 1.549630
12.700000 1.563759
12.710000 1.555050
12.720000 1.767681
12.730000 1.667402
12.740000 1.627596
12.750000 1.662781
12.760000 1.628509
12.770000 1.745569
12.780000 1.589869
12.790000 1.682523
12.800000 1.809021
12.810000 1.504121
12.820000 1.800970
12.830000 1.607971
12.840000 1.660433
12.850000 1.778667
12.860000 1.730096
12.870000 1.763773
12.880000 1.634244
12.890000 1.633282
12.900000 1.552853
12.910000 1.629368
12.920000 1.420116
12.930000 1.459069
12.940000 1.282299
12.950000 1.375440
12.960000 1.352354
12.970000 1.734712
12.980000 1.481779
12.990000 1.480160
13.000000 1.468451
13.010000 1.552842
13.020000 1.732830
13.030000 1.466630
13.040000 1.556343
13.050000 1.585183
13.060000 1.669420
13.070000 1.670410
13.080000 1.554753
13.090000 1.536284
13.100000 1.569624
13.110000 1.554676
13.120000 1.503866
13.130000 1.637936
13.140000 1.458149
13.150000 1.494882
13.160000 1.629509
13.170000 1.557844
13.180000 1.417136
13.190000 1.556689
13.200000 1.754701
13.210000 1.585962
13.220000 1.683484
13.230000 1.788702
13.240000 1.729475
13.250000 1.708743
13.260000 1.642505
13.270000 1.593912
13.280000 1.823737
13.290000 1.785300
13.300000 1.819400
13.310000 1.730672
13.320000 1.695972
13.330000 1.688958
13.340000 1.715518
13.350000 1.915319
13.360000 1.703341
13.370000 1.786966
13.380000 1.692639
13.390000 1.825361
13.400000 1.717865
13.410000 1.957402
13.420000 1.895929
13.430000 1.489079
13.440000 1.613382
13.450000 1.607015
13.460000 1.604397
13.470000 1.749841
13.480000 1.708064
13.490000 1.618955
13.500000 1.685308
13.510000 1.708996
13.520000 1.397843
13.530000 1.774328
13.540000 1.666113
13.550000 1.681591
13.560000 1.524556
13.570000 1.601500
13.580000 1.427363
13.590000 1.404049
13.600000 1.615061
13.610000 1.604772
13.620000 1.564523
13.630000 1.555294
13.640000 1.493108
13.650000 1.485516
13.660000 1.471706
13.670000 1.532903
13.680000 1.719189
13.690000 1.473133
13.700000 1.587775
13.710000 1.660037
13.720000 1.444687
13.730000 1.440530
13.740000 1.556504
13.750000 1.711474
13.760000 1.523079
13.770000 1.670741
13.780000 1.685717
13.790000 1.621262
13.800000 1.728438
13.810000 1.760731
13.820000 1.734692
13.830000 1.690801
13.840000 1.803855
13.850000 1.544257
13.860000 1.684946
13.870000 1.787727
13.880000 1.679829
13.890000 1.697597
13.900000 1.649788
13.910000 1.848478
13.920000 1.820468
13.930000 1.755876
13.940000 1.981986
13.950000 1.953249
13.960000 1.951598
13.970000 1.897608
13.980000 1.935776
13.990000 1.870987
14.000000 1.872137
14.010000 1.727732
14.020000 1.738107
14.030000 1.804005
14.040000 1.751925
14.050000 1.824297
14.060000 1.844843
14.070000 1.861721
14.080000 1.874013
14.090000 1.728622
14.100000 1.577685
14.110000 1.738137
14.120000 1.735244
14.130000 1.765904
14.140000 1.695901
14.150000 1.608161
14.160000 1.831177
14.170000 1.583740
14.180000 1.604445
14.190000 1.493066
14.200000 1.730348
14.210000 1.790796
14.220000 1.646279
14.230000 1.511938
14.240000 1.610996
14.250000 1.573757
14.260000 1.717506
14.270000 1.784641
14.280000 1.819142
14.290000 1.430474
14.300000 1.611632
14.310000 1.571314
14.320000 1.681793
14.330000 1.798140
14.340000 1.359846
14.350000 1.756458
14.360000 1.574464
14.370000 1.746457
14.380000 1.582843
14.390000 1.640142
14.400000 1.530646
14.410000 1.538284
14.420000 1.692155
14.430000 1.765877
14.440000 1.732992
14.450000 1.803099
14.460000 1.774627
14.470000 1.880381
14.480000 1.708322
14.490000 1.733169
14.500000 1.823206
14.510000 1.690251
14.520000 1.709672
14.530000 1.780692
14.540000 1.834816
14.550000 1.810470
14.560000 1.991999
14.570000 1.830885
14.580000 1.852120
14.590000 1.880882
14.600000 1.931889
14.610000 1.553581
14.620000 1.924535
14.630000 1.927848
14.640000 1.916887
14.650000 1.762020
14.660000 1.820001
14.670000 1.904183
14.680000 1.764942
14.690000 1.683380
14.700000 1.705412
14.710000 1.890377
14.720000 1.918180
14.730000 1.797335
14.740000 1.724502
14.750000 1.603179
14.760000 1.606093
14.770000 1.802877
14.780000 1.933067
14.790000 1.667841
14.800000 1.683723
14.810000 1.644211
14.820000 1.660541
14.830000 1.498836
14.840000 1.754446
14.850000 1.621781
14.860000 1.586819
14.870000 1.621415
14.880000 1.783582
14.890000 1.473358
14.900000 1.589309
14.910000 1.475758
14.920000 1.553331
14.930000 1.733417
14.940000 1.548350
14.950000 1.712577
14.960000 1.627705
14.970000 1.633614
14.980000 1.667971
14.990000 1.617885
15.000000 1.774507
15.010000 1.756486
15.020000 1.914461
15.030000 1.697243
15.040000 1.757725
15.050000 1.680264
15.060000 1.698145
15.070000 1.723466
15.080000 1.665932
15.090000 1.786385
15.100000 1.751113
15.110000 1.915185
15.120000 1.823530
15.130000 1.812867
15.140000 1.650848
15.150000 1.565695
15.160000 1.721527
15.170000 1.936183
15.180000 1.970405
15.190000 1.689401
15.200000 1.907019
15.210000 1.867348
15.220000 1.815360
15.230000 1.994029
15.240000 1.893119
15.250000 1.877922
15.260000 1.916839
15.270000 1.893926
15.280000 1.781057
15.290000 1.821485
15.300000 1.992770
15.310000 2.016074
15.320000 1.854570
15.330000 1.674744
15.340000 1.669687
15.350000 1.678964
15.360000 1.804672
15.370000 1.750446
15.380000 1.680860
15.390000 1.865092
15.400000 1.752057
15.410000 1.791736
15.420000 1.597889
15.430000 1.619709
15.440000 1.732014
15.450000 1.725918
15.460000 1.625176
15.470000 1.609618
15.480000 1.784870
15.490000 1.811901
15.500000 1.715284
15.510000 1.553906
15.520000 1.597762
15.530000 1.844311
15.540000 1.778899
15.550000 1.816682
15.560000 1.926407
15.570000 1.676406
15.580000 1.770449
15.590000 1.618728
15.600000 1.610781
15.610000 1.764947
15.620000 1.461331
15.630000 1.891292
15.640000 1.826018
15.650000 1.768193
15.660000 1.676696
15.670000 1.836252
15.680000 1.697934
15.690000 1.896670
15.700000 1.819967
15.710000 1.924838
15.720000 1.865738
15.730000 1.872666
15.740000 1.774818
15.750000 1.820400
15.760000 1.808317
15.770000 1.701753
15.780000 1.795751
15.790000 1.854575
15.800000 1.974640
15.810000 1.942218
15.820000 1.708036
15.830000 1.950230
15.840000 1.919810
15.850000 1.785786
15.860000 2.031098
15.870000 1.788936
15.880000 2.013259
15.890000 2.010462
15.900000 1.805626
15.910000 1.790805
15.920000 1.824791
15.930000 1.866143
15.940000 1.811365
15.950000 1.937931
15.960000 1.828610
15.970000 1.860190
15.980000 1.822055
15.990000 1.997595
16.000000 1.841455
16.010000 1.813879
16.020000 1.853515
16.030000 1.893531
16.040000 1.693879
16.050000 1.788045
16.060000 1.759965
16.070000 1.670385
16.080000 1.864639
16.090000 1.674777
16.100000 1.757035
16.110000 1.813232
16.120000 1.830608
16.130000 1.857574
16.140000 1.793175
16.150000 1.777734
16.160000 1.861271
16.170000 1.787984
16.180000 1.623239
16.190000 1.774213
16.200000 1.879118
16.210000 1.757219
16.220000 1.786086
16.230000 1.690184
16.240000 1.708197
16.250000 1.676638
16.260000 1.558743
16.270000 1.827841
16.280000 1.874222
16.290000 1.749664
16.300000 1.923102
16.310000 1.653494
16.320000 1.962468
16.330000 1.739282
16.340000 1.824657
16.350000 1.774383
16.360000 1.717136
16.370000 1.752072
16.380000 1.935632
16.390000 2.023209
16.400000 1.835477
16.410000 1.956533
16.420000 1.877837
16.430000 1.924298
16.440000 1.935187
16.450000 1.795732
16.460000 1.762457
16.470000 1.894077
16.480000 1.925746
16.490000 1.989769
16.500000 1.844742
16.510000 1.937789
16.520000 1.862762
16.530000 1.945080
16.540000 1.927263
16.550000 1.984221
16.560000 1.807328
16.570000 1.882239
16.580000 1.904835
16.590000 1.893536
16.600000 1.941715
16.610000 1.857081
16.620000 1.937872
16.630000 1.761848
16.640000 1.866489
16.650000 1.886722
16.660000 1.794451
16.670000 1.602666
16.680000 1.866438
16.690000 1.806524
16.700000 1.864609
16.710000 1.636447
16.720000 1.841112
16.730000 1.534555
16.740000 1.764786
16.750000 1.761392
16.760000 1.710701
16.770000 1.602976
16.780000 1.872690
16.790000 1.601186
16.800000 1.821610
16.810000 1.917282
16.820000 1.867585
16.830000 1.666041
16.840000 1.661362
16.850000 1.904922
16.860000 1.722631
16.870000 1.805507
16.880000 1.781861
16.890000 1.837050
16.900000 1.717723
16.910000 1.840666
16.920000 1.682423
16.930000 1.749930
16.940000 1.855484
16.950000 2.018647
16.960000 1.704857
16.970000 1.902976
16.980000 1.732041
16.990000 1.915217
17.000000 1.714270
17.010000 1.822223
17.020000 1.885881
17.030000 1.999081
17.040000 1.873590
17.050000 2.059622
17.060000 1.917199
17.070000 2.139764
17.080000 2.044531
17.090000 2.075819
17.100000 1.886720
17.110000 1.924486
17.120000 2.163942
17.130000 2.130879
17.140000 1.944159
17.150000 1.866989
17.160000 2.060895
17.170000 1.957026
17.180000 1.910942
17.190000 1.763862
17.200000 1.903561
17.210000 1.657932
17.220000 2.004414
17.230000 1.921836
17.240000 1.881980
17.250000 1.978510
17.260000 1.910414
17.270000 1.840968
17.280000 2.108096
17.290000 1.947564
17.300000 1.853700
17.310000 1.848759
17.320000 1.944238
17.330000 1.801698
17.340000 1.819007
17.350000 1.690014
17.360000 1.820750
17.370000 1.791984
17.380000 2.120299
17.390000 1.910348
17.400000 1.729175
17.410000 2.011923
17.420000 1.711582
17.430000 1.801268
17.440000 1.855745
17.450000 1.662084
17.460000 2.000998
17.470000 2.044671
17.480000 1.835447
17.490000 1.982025
17.500000 1.729248
17.510000 1.709957
17.520000 2.003788
17.530000 1.966970
17.540000 1.814310
17.550000 1.880179
17.560000 1.831434
17.570000 1.933889
17.580000 1.785870
17.590000 2.003093
17.600000 1.875047
17.610000 1.894781
17.620000 2.017985
17.630000 1.847348
17.640000 1.906134
17.650000 1.716238
17.660000 2.045820
17.670000 1.968381
17.680000 1.898856
17.690000 1.971563
17.700000 1.876182
17.710000 1.776823
17.720000 2.103700
17.730000 2.021917
17.740000 1.969148
17.750000 1.895322
17.760000 1.946638
17.770000 2.061071
17.780000 1.842878
17.790000 1.943890
17.800000 1.987915
17.810000 2.059031
17.820000 1.966673
17.830000 2.086853
17.840000 1.988119
17.850000 2.035346
17.860000 1.868178
17.870000 1.989648
17.880000 1.896468
17.890000 1.846711
17.900000 1.837884
17.910000 1.814655
17.920000 1.926245
17.930000 1.964608
17.940000 1.885880
17.950000 1.815857
17.960000 1.835380
17.970000 1.917149
17.980000 1.735537
17.990000 2.069906
18.000000 1.895037
18.010000 1.929951
18.020000 1.670748
18.030000 1.899545
18.040000 1.858615
18.050000 1.845970
18.060000 1.754750
18.070000 1.700529
18.080000 1.724949
18.090000 1.859522
18.100000 1.747955
18.110000 1.908214
18.120000 1.941849
18.130000 1.834246
18.140000 1.811842
18.150000 1.767145
18.160000 1.875784
18.170000 1.834464
18.180000 1.849885
18.190000 2.017387
18.200000 1.956335
18.210000 1.982091
18.220000 1.902275
18.230000 2.023492
18.240000 1.941298
18.250000 1.937057
18.260000 1.978734
18.270000 2.187789
18.280000 1.863091
18.290000 1.998195
18.300000 2.191928
18.310000 1.968849
18.320000 2.036109
18.330000 1.997016
18.340000 2.026292
18.350000 2.090617
18.360000 2.113394
18.370000 2.163013
18.380000 2.109842
18.390000 2.043565
18.400000 2.059418
18.410000 1.983413
18.420000 2.034381
18.430000 2.169224
18.440000 1.896485
18.450000 2.140679
18.460000 2.061942
18.470000 2.039290
18.480000 2.093054
18.490000 2.140448
18.500000 2.065859
18.510000 2.117152
18.520000 2.042631
18.530000 1.889815
18.540000 2.015895
18.550000 1.909721
18.560000 1.749278
18.570000 1.931226
18.580000 1.907253
18.590000 2.026573
18.600000 1.912805
18.610000 1.949914
18.620000 1.713520
18.630000 1.839776
18.640000 1.835068
18.650000 1.879102
18.660000 1.709554
18.670000 1.781720
18.680000 1.923292
18.690000 1.855644
18.700000 1.897421
18.710000 1.806860
18.720000 2.060068
18.730000 1.885864
18.740000 1.921988
18.750000 1.957364
18.760000 1.867767
18.770000 1.895036
18.780000 2.079091
18.790000 2.046759
18.800000 1.851013
18.810000 2.074033
18.820000 1.915447
18.830000 2.117845
18.840000 1.998111
18.850000 1.900514
18.860000 1.917567
18.870000 1.965732
18.880000 2.231023
18.890000 1.934518
18.900000 1.960362
18.910000 2.153380
18.920000 2.200655
18.930000 1.900643
18.940000 1.962166
18.950000 1.863683
18.960000 2.086102
18.970000 2.048256
18.980000 1.920907
18.990000 1.998384
19.000000 1.965893
19.010000 2.201795
19.020000 2.130098
19.030000 2.067823
19.040000 2.088787
19.050000 2.090387
19.060000 2.066352
19.070000 2.030853
19.080000 1.919843
19.090000 2.085950
19.100000 2.031622
19.110000 2.130366
19.120000 2.213016
19.130000 2.154780
19.140000 1.956831
19.150000 2.051146
19.160000 2.084586
19.170000 1.899941
19.180000 1.889639
19.190000 1.842998
19.200000 1.799307
19.210000 1.901922
19.220000 1.985323
19.230000 2.004131
19.240000 1.875514
19.250000 2.157030
19.260000 2.011437
19.270000 1.895107
19.280000 1.835725
19.290000 1.851913
19.300000 1.816621
19.310000 2.010054
19.320000 1.761560
19.330000 1.874034
19.340000 1.776127
19.350000 1.846265
19.360000 1.849643
19.370000 1.849583
19.380000 1.915289
19.390000 1.868083
19.400000 1.869235
19.410000 1.749006
19.420000 1.833526
19.430000 2.197673
19.440000 1.731715
19.450000 1.957454
19.460000 2.082086
19.470000 1.947180
19.480000 1.970352
19.490000 1.891779
19.500000 2.133753
19.510000 2.129415
19.520000 1.982209
19.530000 2.112710
19.540000 2.124508
19.550000 2.004453
19.560000 2.127206
19.570000 2.079475
19.580000 1.852779
19.590000 2.277985
19.600000 2.050433
19.610000 2.094360
19.620000 2.084710
19.630000 2.043255
19.640000 2.169387
19.650000 1.880113
19.660000 2.113147
19.670000 2.154385
19.680000 1.932404
19.690000 2.092592
19.700000 2.156417
19.710000 2.094376
19.720000 2.171048
19.730000 2.178914
19.740000 1.905160
19.750000 2.083707
19.760000 1.967227
19.770000 2.070083
19.780000 1.993625
19.790000 2.093669
19.800000 1.941996
19.810000 2.063264
19.820000 1.865337
19.830000 1.976094
19.840000 1.847822
19.850000 2.157921
19.860000 2.002018
19.870000 2.005663
19.880000 1.928210
19.890000 2.035390
19.900000 1.737152
19.910000 2.031644
19.920000 1.914559
19.930000 2.067198
19.940000 1.974454
19.950000 1.745000
19.960000 1.899154
19.970000 2.206469
19.980000 2.073090
19.990000 1.954398
20.000000 1.986305
20.010000 2.023555
20.020000 1.756717
20.030000 1.841884
20.040000 2.142982
20.050000 2.211965
20.060000 2.054780
20.070000 1.845130
20.080000 1.886546
20.090000 1.905472
20.100000 2.010510
20.110000 1.955143
20.120000 2.096566
20.130000 2.162020
20.140000 1.929002
20.150000 2.095125
20.160000 2.164937
20.170000 2.136022
20.180000 2.115800
20.190000 2.107826
20.200000 2.080458
20.210000 2.235388
20.220000 2.340135
20.230000 2.221369
20.240000 2.296392
20.250000 2.312335
20.260000 2.161968
20.270000 2.131044
20.280000 2.018047
20.290000 2.060618
20.300000 2.022192
20.310000 2.086505
20.320000 2.166497
20.330000 1.977957
20.340000 2.134737
20.350000 2.334983
20.360000 2.339068
20.370000 2.127131
20.380000 2.080033
20.390000 1.946945
20.400000 2.007496
20.410000 1.812754
20.420000 1.903621
20.430000 1.911728
20.440000 2.137137
20.450000 2.100207
20.460000 2.055962
20.470000 1.860098
20.480000 1.904483
20.490000 1.909766
20.500000 2.108513
20.510000 1.812603
20.520000 2.080414
20.530000 2.019199
20.540000 1.838683
20.550000 1.888005
20.560000 1.976523
20.570000 1.964217
20.580000 2.065543
20.590000 1.995528
20.600000 2.004478
20.610000 2.143578
20.620000 1.990747
20.630000 1.990893
20.640000 1.947091
20.650000 1.877957
20.660000 1.923343
20.670000 2.004797
20.680000 1.935347
20.690000 2.120587
20.700000 1.929132
20.710000 2.127839
20.720000 1.970107
20.730000 2.103911
20.740000 2.172508
20.750000 2.097473
20.760000 2.053649
20.770000 2.001192
20.780000 2.135769
20.790000 1.964554
20.800000 2.127050
20.810000 2.090278
20.820000 2.119488
20.830000 2.028562
20.840000 2.214881
20.850000 2.231351
20.860000 2.043638
20.870000 2.172245
20.880000 2.258077
20.890000 1.999033
20.900000 1.989054
20.910000 2.216590
20.920000 2.105604
20.930000 2.130425
20.940000 2.058983
20.950000 2.327305
20.960000 2.177815
20.970000 2.224761
20.980000 2.035935
20.990000 2.330870
21.000000 2.245983
21.010000 2.162825
21.020000 2.211081
21.030000 2.012597
21.040000 1.886755
21.050000 2.104546
21.060000 2.112021
21.070000 1.874584
21.080000 2.048122
21.090000 1.959260
21.100000 2.016184
21.110000 1.980627
21.120000 2.019871
21.130000 1.864006
21.140000 1.800517
21.150000 2.001638
21.160000 2.106247
21.170000 1.939481
21.180000 2.024311
21.190000 1.995853
21.200000 1.927345
21.210000 1.849227
21.220000 1.992712
21.230000 1.931668
21.240000 2.063793
21.250000 1.928198
21.260000 2.023727
21.270000 1.971994
21.280000 1.887851
21.290000 2.013511
21.300000 1.995204
21.310000 2.076554
21.320000 2.060556
21.330000 2.103385
21.340000 2.108296
21.350000 2.097733
21.360000 2.048169
21.370000 2.174362
21.380000 1.924517
21.390000 2.223642
21.400000 2.122924
21.410000 2.184170
21.420000 2.010970
21.430000 2.147892
21.440000 2.082765
21.450000 2.221791
21.460000 2.231862
21.470000 2.123408
21.480000 2.047702
21.490000 2.265592
21.500000 2.269617
21.510000 2.237490
21.520000 2.089647
21.530000 2.269298
21.540000 2.144682
21.550000 2.227318
21.560000 2.215301
21.570000 2.290814
21.580000 2.217628
21.590000 2.245526
21.600000 2.246476
21.610000 2.069513
21.620000 2.217386
21.630000 2.159784
21.640000 2.034779
21.650000 2.039714
21.660000 2.389283
21.670000 2.181094
21.680000 2.113379
21.690000 1.901543
21.700000 1.985515
21.710000 2.119395
21.720000 1.961324
21.730000 2.044651
21.740000 1.980316
21.750000 2.103641
21.760000 2.061786
21.770000 2.046555
21.780000 1.756284
21.790000 2.072911
21.800000 2.014889
21.810000 1.894387
21.820000 2.055560
21.830000 1.997960
21.840000 2.128700
21.850000 2.112341
21.860000 2.028754
21.870000 1.840109
21.880000 1.976821
21.890000 1.821918
21.900000 2.027961
21.910000 2.035398
21.920000 2.246953
21.930000 2.171570
21.940000 1.845961
21.950000 1.999776
21.960000 2.021222
21.970000 2.149489
21.980000 2.041073
21.990000 2.078867
22.000000 2.121290
22.010000 2.042639
22.020000 2.360885
22.030000 2.170805
22.040000 2.179006
22.050000 2.164509
22.060000 2.330634
22.070000 2.166886
22.080000 2.231976
22.090000 2.215151
22.100000 2.284300
22.110000 2.276883
22.120000 2.144176
22.130000 2.194096
22.140000 2.131542
22.150000 2.337643
22.160000 2.506868
22.170000 2.162800
22.180000 2.255348
22.190000 2.225913
22.200000 2.259485
22.210000 2.252160
22.220000 2.242458
22.230000 2.280420
22.240000 2.343416
22.250000 2.291155
22.260000 2.227648
22.270000 2.037118
22.280000 2.106875
22.290000 2.161134
22.300000 2.172862
22.310000 2.305947
22.320000 2.259609
22.330000 2.060601
22.340000 2.127150
22.350000 2.192737
22.360000 1.985812
22.370000 1.920794
22.380000 2.042318
22.390000 2.190522
22.400000 2.029772
22.410000 2.095262
22.420000 2.020337
22.430000 2.054658
22.440000 1.939951
22.450000 2.023762
22.460000 1.962565
22.470000 2.199680
22.480000 1.980957
22.490000 2.144165
22.500000 2.161564
22.510000 2.053515
22.520000 2.215984
22.530000 2.014098
22.540000 2.161011
22.550000 2.105124
22.560000 2.166890
22.570000 2.028871
22.580000 2.051752
22.590000 2.048252
22.600000 2.025481
22.610000 2.157203
22.620000 2.428948
22.630000 2.216524
22.640000 2.204162
22.650000 2.113866
22.660000 2.221379
22.670000 2.216641
22.680000 2.033002
22.690000 2.289139
22.700000 2.191803
22.710000 2.351308
22.720000 2.065390
22.730000 2.255987
22.740000 2.352605
22.750000 2.312336
22.760000 2.380677
22.770000 2.268132
22.780000 2.236562
22.790000 2.311379
22.800000 2.255502
22.810000 2.291110
22.820000 2.234142
22.830000 2.578448
22.840000 2.227772
22.850000 2.222237
22.860000 2.177845
22.870000 2.210628
22.880000 2.170447
22.890000 2.158746
22.900000 2.124638
22.910000 2.369828
22.920000 2.130844
22.930000 2.216442
22.940000 2.174951
22.950000 2.340529
22.960000 2.203908
22.970000 2.070116
22.980000 2.235261
22.990000 2.067394
23.000000 2.166824
23.010000 1.859499
23.020000 1.989158
23.030000 2.138544
23.040000 2.020297
23.050000 2.209130
23.060000 2.102412
23.070000 2.168379
23.080000 1.965213
23.090000 2.011617
23.100000 2.099895
23.110000 2.012443
23.120000 2.039486
23.130000 1.905563
23.140000 2.037911
23.150000 2.039561
23.160000 2.075106
23.170000 2.219005
23.180000 2.235046
23.190000 2.004452
23.200000 2.059858
23.210000 2.071135
23.220000 2.204161
23.230000 2.179931
23.240000 2.109514
23.250000 2.064832
23.260000 2.257261
23.270000 2.186043
23.280000 2.213536
23.290000 2.196788
23.300000 2.162251
23.310000 2.102194
23.320000 2.330853
23.330000 2.266958
23.340000 2.052346
23.350000 2.156154
23.360000 2.394336
23.370000 2.285975
23.380000 2.260721
23.390000 2.179879
23.400000 2.305617
23.410000 2.394570
23.420000 2.257816
23.430000 2.155622
23.440000 2.412458
23.450000 2.423784
23.460000 2.293506
23.470000 2.259825
23.480000 2.357076
23.490000 2.147172
23.500000 2.213207
23.510000 2.203036
23.520000 2.176774
23.530000 2.314883
23.540000 2.112438
23.550000 2.221486
23.560000 2.104098
23.570000 2.254093
23.580000 2.123590
23.590000 2.279810
23.600000 2.131330
23.610000 2.142387
23.620000 2.151193
23.630000 2.157401
23.640000 2.051127
23.650000 2.176369
23.660000 2.231321
23.670000 2.073001
23.680000 2.143298
23.690000 1.920292
23.700000 1.950684
23.710000 2.110931
23.720000 2.029633
23.730000 2.096521
23.740000 2.157881
23.750000 2.165881
23.760000 2.068022
23.770000 1.998987
23.780000 2.169224
23.790000 2.166902
23.800000 2.211751
23.810000 2.104813
23.820000 2.223680
23.830000 2.136681
23.840000 2.178348
23.850000 2.111105
23.860000 2.053661
23.870000 2.278290
23.880000 2.346172
23.890000 2.271888
23.900000 2.320013
23.910000 2.295610
23.920000 2.178758
23.930000 2.219619
23.940000 2.288730
23.950000 2.433850
23.960000 2.298014
23.970000 2.296550
23.980000 2.299775
23.990000 2.453148
24.000000 2.214969
24.010000 2.332335
24.020000 2.289453
24.030000 2.418394
24.040000 2.535197
24.050000 2.346589
24.060000 2.280762
24.070000 2.479172
24.080000 2.304347
24.090000 2.282308
24.100000 2.315309
24.110000 2.304791
24.120000 2.394772
24.130000 2.277731
24.140000 2.365187
24.150000 2.285206
24.160000 2.327114
24.170000 2.292705
24.180000 2.183726
24.190000 2.162172
24.200000 2.274802
24.210000 2.245169
24.220000 2.167611
24.230000 2.243446
24.240000 2.284500
24.250000 2.040874
24.260000 2.333808
24.270000 2.097686
24.280000 2.151137
24.290000 2.255433
24.300000 2.259740
24.310000 2.142150
24.320000 2.103981
24.330000 2.116530
24.340000 2.097243
24.350000 1.982811
24.360000 2.194032
24.370000 2.266560
24.380000 2.126559
24.390000 2.231285
24.400000 2.216226
24.410000 2.115458
24.420000 2.048141
24.430000 2.226852
24.440000 2.223331
24.450000 2.113665
24.460000 2.149236
24.470000 2.154769
24.480000 2.160781
24.490000 2.396521
24.500000 2.441415
24.510000 2.172766
24.520000 2.191608
24.530000 2.336276
24.540000 2.250500
24.550000 2.230613
24.560000 2.239983
24.570000 2.385329
24.580000 2.279587
24.590000 2.416489
24.600000 2.557702
24.610000 2.338563
24.620000 2.470341
24.630000 2.319521
24.640000 2.333590
24.650000 2.475937
24.660000 2.355394
24.670000 2.245754
24.680000 2.259255
24.690000 2.371015
24.700000 2.318595
24.710000 2.201975
24.720000 2.230971
24.730000 2.355142
24.740000 2.387725
24.750000 2.391817
24.760000 2.430244
24.770000 2.310274
24.780000 2.398309
24.790000 2.317540
24.800000 2.130385
24.810000 2.097667
24.820000 2.309709
24.830000 2.392001
24.840000 2.257404
24.850000 2.154154
24.860000 2.124172
24.870000 2.054078
24.880000 2.057286
24.890000 2.135756
24.900000 2.028356
24.910000 2.158103
24.920000 2.222053
24.930000 2.275776
24.940000 2.036303
24.950000 2.142613
24.960000 2.090557
24.970000 2.004876
24.980000 2.260478
24.990000 2.304404
25.000000 2.285011
